1	4 2007	6
1	4 2008	6
1	4 2009	6
1	4 2010	6
1	4 2011	6
1	4 2012	6
1	4 2013	6
1	8 2014	6
2	10 2004	6
2	11 2005	6
2	12 2006	6
2	12 2007	6
2	1 2009	6
2	1 2010	6
2	4 2012	6
3	3 2007	6
3	8 2007	6
4	11 2001	6
4	6 2004	6
4	5 2002	6
4	6 2003	6
5	1 2003	6
5	12 2004	6
5	10 2006	6
5	10 2007	6
5	12 2008	6
5	6 2010	6
5	5 2011	6
5	5 2012	6
5	9 2015	6
6	1 1995	6
6	1 1996	6
6	10 1996	6
7	4 2007	6
7	5 2008	6
8	4 2006	6
8	5 2007	7
9	4 2004	6
9	4 2005	6
9	5 2011	6
9	11 2013	6
10	1 2002	6
10	1 2003	6
10	1 2004	6
10	1 2005	6
10	1 2006	6
10	1 2007	6
10	1 2008	6
10	1 2009	6
10	3 2010	6
10	9 2011	6
11	9 1996	6
11	5 2001	6
11	2 2006	6
12	10 2007	6
12	11 2008	6
12	11 2009	6
12	11 2010	6
12	11 2011	6
13	4 2003	6
13	4 2004	6
13	4 2005	7.5
14	12 2003	6
14	8 2004	6
15	4 2006	6
15	5 2007	8
16	6 1998	6
16	8 1999	6
16	9 2000	6
17	8 1997	6
17	8 1998	6
17	11 1999	6
18	10 2001	6
18	10 2002	6
19	2 2006	6
19	2 2007	6
19	8 2009	6
19	9 2012	6
20	10 2005	6
20	10 2006	6
20	10 2007	6
20	10 2008	6
20	10 2009	6
20	4 2011	6
20	4 2012	6
21	5 2007	6
21	5 2008	6
21	5 2011	6
22	6 2005	6
22	12 2005	6
22	4 2007	6
23	9 2004	6
23	10 2008	6
23	4 2010	6
24	4 2005	6
24	3 2006	6
24	5 2007	6
24	5 2008	6
24	4 2011	6
24	4 2010	6
25	4 2003	6
25	12 2005	6
26	5 2005	6
26	11 2005	6
26	3 2007	6
26	11 2006	6
27	2 2001	6
27	3 2005	6
28	3 2002	6
28	9 2002	6
28	10 2003	6
28	10 2004	6
28	10 2005	6
28	10 2006	6
28	10 2007	6
28	5 2009	6
28	5 2012	6
29	9 2001	6
29	9 2002	6
29	5 2003	6
29	6 2004	6
29	8 2005	6
29	9 2006	6
29	9 2007	6
29	9 2008	6
29	3 2010	6
29	3 2011	6
30	5 2000	6
30	3 2001	6
30	3 2002	6
30	4 2003	6
30	4 2004	6
31	11 2001	6
31	11 2002	6
32	6 2004	6
32	5 2007	7
33	6 2003	6
33	5 2004	6
33	4 2005	6
33	12 2006	6
33	11 2007	6
33	6 2010	6
33	11 2011	6
34	9 2005	6
34	11 2005	6
34	12 2006	7
35	11 2000	6
35	1 2002	6
35	1 2003	6
35	4 2004	6
35	3 2005	6
35	11 2006	6
35	11 2007	6
35	11 2008	6
35	11 2009	6
35	1 2011	6
35	3 2012	6
35	6 2014	6
36	11 2004	6
36	11 2007	6
37	4 2002	6
37	4 2003	6
38	6 2002	6
38	10 2003	6
38	5 2006	6
38	4 2008	6
38	5 2011	6
39	8 2006	6
39	9 2007	6
39	11 2008	6
39	12 2010	6
40	5 2001	6
40	12 2001	6
40	12 2002	6
40	12 2003	6
40	12 2004	7
41	10 2005	6
41	10 2006	6
41	10 2007	6
41	10 2008	6
41	10 2009	6
41	5 2011	6
41	1 2013	6
41	1 2014	6
42	3 2001	6
42	3 2002	6
43	4 2000	6
43	2 2002	6
44	5 1998	6
44	5 1999	6
45	4 2006	6
45	3 2007	6
45	3 2008	6
45	4 2009	6
45	5 2010	6
46	1 2004	6
46	3 2004	6
46	4 2005	6
46	5 2006	6
47	10 2000	6
47	1 2002	6
48	11 2006	6
48	11 2007	6
48	11 2008	6
48	5 2010	6
49	8 1998	6
49	8 1999	6
49	8 2000	6
49	9 2001	6
49	9 2002	6
49	10 2003	6
50	3 2006	6
50	4 2007	6
50	4 2008	6
50	4 2009	6
50	4 2010	6
50	4 2011	6
50	4 2013	6
51	11 2002	6
51	11 2003	6
51	12 2004	6
51	2 2006	6
51	12 2007	6
52	12 2005	6
52	5 2006	6
52	5 2007	6
53	12 1994	6
53	3 1996	6
54	1 1998	6
54	1 1999	6
55	10 2002	6
55	12 2003	6
55	8 2004	6
55	11 2005	6
56	4 2001	6
56	8 2004	6
56	10 2012	7
57	5 2005	6
57	5 2006	6
57	5 2007	6
57	5 2008	6
57	5 2009	6
57	5 2010	7.5
58	5 2005	6
58	10 2005	6
58	12 2006	6
58	12 2007	6
59	5 2004	6
59	1 2005	6
59	1 2006	6
59	2 2007	6
60	8 2006	6
60	8 2007	7.5
61	1 2005	6
61	6 2010	6
61	10 2012	6
62	10 2005	6
62	10 2006	6
63	4 2004	6
63	11 2011	6
63	10 2015	6
64	8 1994	6
64	8 1995	7.5
65	9 1997	6
65	9 1999	6
65	11 2000	6
65	9 2003	6
66	12 2007	6
66	12 2008	6
66	12 2009	6
66	12 2010	6
66	12 2011	6
66	1 2013	6
67	2 2000	6
67	2 2001	6
67	2 2002	6
67	2 2003	6
67	2 2004	6
67	2 2005	6
68	5 2004	6
68	10 2004	6
68	11 2005	6
68	11 2006	6
68	1 2008	6
69	6 2005	6
69	6 2006	6
70	10 1996	6
70	10 1997	6
71	10 1998	6
71	10 1999	6
72	5 2003	6
72	2 2004	6
72	1 2005	7
73	10 1992	3
73	8 1994	4
73	8 1995	5
73	8 1996	5
74	6 2001	6
74	12 2001	6
74	12 2002	6
74	12 2003	6
74	1 2005	6
74	1 2006	6
74	1 2007	6
74	1 2008	6
74	1 2009	6
74	1 2010	6
74	1 2011	6
74	5 2012	6
75	8 2005	6
75	10 2006	7
76	8 2004	6
77	9 2000	6
77	12 2001	6
77	11 2003	7
78	12 1994	6
78	2 1996	6
79	11 2002	6
79	12 2003	6
79	12 2004	6
79	12 2005	6
79	12 2006	6
79	12 2007	6
79	12 2008	6
79	11 2009	6
79	11 2010	6
79	1 2012	6
79	6 2013	6
80	12 1994	6
80	12 1995	5
80	12 1996	6
81	8 1994	5
81	10 1995	6
81	10 1996	5
81	10 1997	6
82	5 2002	6
82	6 2005	6
82	6 2006	6
82	6 2007	6
82	6 2008	6
82	1 2010	6
82	1 2011	6
82	2 2012	6
82	8 2013	6
82	8 2015	6
83	4 1994	6
83	2 1995	6
84	11 1995	5
84	11 1996	6
84	11 1997	6
84	11 1998	6
85	5 1999	6
85	5 2000	6
86	3 2005	6
86	5 2005	6
86	5 2006	6
86	5 2007	6
86	4 2008	6
86	5 2009	6
87	8 2004	6
87	8 2005	6
88	10 1994	5
88	9 1995	7
89	9 1995	6
89	10 1996	6
89	5 1998	6
90	1 1995	6
90	1 1996	7.5
91	1 2006	6
91	9 2006	6
91	10 2007	6
91	11 2008	6
91	5 2010	6
91	5 2012	6
91	9 2014	6
92	1 1995	6
92	1 1996	6
92	2 1997	6
92	2 1998	6
92	2 1999	6
92	2 2000	6
92	3 2001	6
92	3 2002	6
92	6 2003	6
92	8 2004	6
93	4 1995	6
93	4 1996	6
93	8 1997	6
93	3 1998	6
94	5 1999	6
94	10 2000	6
94	5 2002	6
94	11 2003	6
95	5 1995	6
95	5 1996	6
95	5 1997	6
96	6 1998	6
96	6 1999	6
96	8 2000	6
96	12 2001	6
96	4 2003	6
96	6 2004	6
96	6 2005	7
97	5 1995	6
97	6 1996	6
98	9 2004	6
98	12 2005	6
98	1 2007	6
98	1 2008	6
98	3 2009	6
99	4 2003	6
99	6 2003	6
99	9 2004	6
99	3 2006	6
99	6 2007	6
99	6 2008	6
99	1 2010	7
100	6 1995	5
100	8 1996	6
100	8 1997	6
100	9 1998	6
100	9 1999	6
100	10 2000	6
101	9 1995	6
101	10 1996	6
101	10 1997	6
102	3 2003	6
102	12 2004	6
103	10 1995	6
103	10 1996	6
103	8 1998	6
103	8 1999	6
103	10 2000	6
103	10 2001	6
103	10 2002	6
104	12 2003	6
104	11 2004	6
104	1 2006	6
104	2 2007	6
104	2 2008	6
104	2 2009	6
104	9 2010	6
104	4 2012	6
104	5 2013	6
104	6 2014	6
105	4 2001	6
105	5 2002	8
106	4 2004	6
106	9 2004	6
106	11 2005	6
106	8 2007	6
106	4 2009	6
106	2 2011	6
106	3 2013	6
106	9 2014	6
107	4 1996	6
107	4 1997	6
108	3 1996	6
108	4 1997	6
108	4 1998	6
108	2 2002	6
108	4 2008	7
109	1 1999	6
109	2 2000	6
110	11 1996	6
110	11 1998	6
110	1 2000	6
110	4 2001	6
110	6 2002	6
111	9 2005	6
111	11 2006	6
111	5 2008	6
111	5 2009	6
111	10 2010	6
111	5 2012	6
111	6 2013	6
112	8 1996	6
112	9 1997	6
112	9 1998	6
112	9 1999	6
112	10 2000	6
112	11 2001	6
112	5 2004	6
113	5 1996	5
113	5 1997	6
113	11 1997	6
113	12 1998	6
113	12 1999	6
113	12 2000	6
113	1 2002	6
113	2 2003	6
113	3 2004	6
113	3 2005	6
113	3 2006	6
113	3 2007	6
113	1 2012	9
114	9 1996	6
114	10 1997	6
114	10 1998	6
114	10 1999	6
114	9 2000	6
114	10 2001	6
114	12 2002	6
114	9 2003	6
114	8 2004	6
114	10 2005	6
114	4 2010	6
115	10 1996	6
115	10 1997	6
116	11 1996	6
116	10 1997	6
116	10 1998	6
116	10 1999	6
116	10 2000	7.5
117	10 1996	6
117	11 1997	6
117	1 1999	6
117	3 2000	6
117	5 2001	6
117	9 2002	6
117	1 2004	6
117	1 2005	6
118	8 2003	6
118	9 2005	6
118	10 2007	6
119	2 1997	6
119	3 1998	7.5
120	3 1997	6
120	3 1998	6
120	3 1999	6
120	4 2000	6
120	10 2001	6
120	11 2002	6
120	11 2003	6
120	11 2004	6
121	1 1997	5
121	2 1999	6
121	4 2001	7
122	5 1997	6
122	9 2002	6
122	9 2003	6
122	11 2004	6
122	5 1998	6
122	5 1999	6
122	6 2000	6
122	8 2001	6
123	5 1997	6
123	6 1998	6
123	8 1999	6
123	11 2000	6
124	3 2003	6
124	11 2004	6
124	1 2006	6
124	1 2008	6
124	1 2009	6
124	1 2011	6
124	1 2007	6
124	1 2012	7
124	10 2013	6
125	5 1997	6
125	5 1998	6
125	5 1999	6
125	5 2000	6
125	5 2001	6
125	5 2002	6
126	2 1998	6
126	2 1999	6
126	11 2000	6
126	10 2005	6
126	10 2006	6
126	4 2003	6
127	6 1997	5
127	8 1998	7
128	4 1997	5
128	3 1998	6
128	3 1999	6
128	4 2000	6
128	5 2001	6
128	8 2002	6
128	12 2003	6
129	8 1997	6
129	11 1997	6
129	12 1998	6
129	12 1999	6
130	8 1997	6
130	6 1999	6
130	6 2000	6
130	8 2001	6
130	10 2002	6
130	1 2004	6
130	12 2004	6
130	2 2006	6
130	2 2007	6
130	4 2008	6
130	4 2009	6
130	4 2010	6
131	11 1997	6
131	11 1998	6
131	11 1999	6
131	11 2000	6
131	11 2001	6
131	11 2002	6
131	6 2004	6
131	11 2005	6
131	10 2006	6
131	11 2007	6
132	2 2004	6
132	8 2004	6
132	10 2005	6
132	11 2006	6
132	11 2007	6
132	5 2009	6
132	5 2010	6
132	5 2011	6
132	5 2012	6
132	5 2013	6
132	5 2014	6
132	5 2015	6
133	8 1997	6
133	8 1998	6
134	1 2006	6
134	12 2006	6
135	11 1997	6
135	2 1999	6
135	2 2000	6
135	1 2011	6
135	2 2012	6
135	10 2013	6
135	10 2014	6
136	3 2005	6
136	3 2006	6
136	12 2007	6
136	6 2009	6
136	1 2011	6
137	12 1997	6
137	10 1998	6
138	5 2002	6
138	5 2004	6
138	5 2005	6
138	5 2006	6
138	4 2007	6
138	5 2008	6
138	5 2009	7
138	5 2010	6
138	4 2003	6
139	1 1998	6
139	8 1999	6
139	2 2004	6
139	2 2005	6
139	9 2006	6
139	9 2007	7
140	1 1998	6
140	1 1999	6
140	2 2000	6
140	2 2001	6
140	3 2002	6
140	3 2004	6
141	1 1998	6
141	4 1999	6
141	4 2000	6
142	12 1997	6
142	3 1999	6
143	1 2001	6
143	2 2002	6
143	2 2003	6
143	2 2004	6
143	3 2005	6
143	2 2006	6
143	2 2007	6
143	2 2008	7
144	3 1998	6
144	3 1999	6
144	4 2000	7
145	4 1998	6
145	4 1999	6
145	5 2000	6
146	4 1998	6
146	4 1999	6
147	8 2002	6
147	6 2003	6
147	8 2004	6
147	8 2005	6
147	8 2006	6
147	8 2007	6
148	9 2005	6
148	1 2006	6
148	1 2007	6
148	2 2008	6
148	2 2009	6
148	1 2010	6
148	1 2011	6
148	1 2012	6
148	2 2013	6
148	3 2014	6
148	12 2014	6
149	6 2007	6
149	6 2008	6
149	6 2009	6
149	6 2010	6
149	8 2011	6
149	10 2013	6
149	9 2014	7
150	4 2002	5
150	4 2003	6
150	4 2004	6
150	6 2005	6
150	6 2007	6
150	5 2006	6
151	4 1998	6
151	8 1999	6
151	11 2000	6
151	2 2002	6
152	11 2003	6
152	6 2005	6
152	5 2006	6
153	6 1998	5
153	8 1999	6
154	6 1998	6
154	6 1999	6
154	8 2000	6
155	4 2000	6
155	6 2001	6
156	8 1998	6
156	9 1998	6
156	9 1999	6
156	9 2000	6
156	10 2001	6
156	10 2002	6
156	1 2004	6
157	6 1998	6
157	8 1999	6
157	8 2000	6
158	11 1997	6
158	9 1998	6
158	4 1999	6
158	4 2000	7.5
159	8 1998	6
159	8 1999	6
160	2 1997	3
160	11 1998	6
160	11 1999	7
161	9 1998	6
161	10 1999	6
162	2 1999	6
162	5 2000	6
163	9 1998	6
163	10 1999	6
163	10 2000	6
163	3 2002	6
163	5 2003	6
163	5 2004	6
164	11 1998	6
164	10 1999	8
165	4 2003	6
165	8 2004	6
165	9 2005	6
165	10 2006	6
165	12 2007	7
166	11 1998	6
166	11 1999	6
166	12 2000	6
166	1 2002	6
166	1 2003	6
166	1 2004	5
167	11 1998	6
167	11 1999	7
168	5 2001	5
168	4 2002	6
168	11 2006	6
168	11 2007	6
169	1 1999	6
169	2 2000	7.5
170	1 1999	6
170	12 1999	6
171	1 1999	6
171	8 1999	6
171	5 2000	6
171	5 2001	6
171	5 2002	6
171	5 2003	6
171	5 2004	6
171	5 2005	6
171	5 2006	6
171	5 2007	6
171	11 2008	6
171	5 2010	6
172	6 1998	6
172	8 1999	6
172	8 2000	6
173	3 2005	6
173	3 2006	6
173	5 2007	6
173	5 2008	6
174	2 1998	6
174	1 1999	6
174	12 1999	6
174	10 2000	6
174	11 2001	6
174	10 2002	6
174	10 2003	7
175	3 1999	6
175	3 2000	6
175	6 2001	6
175	8 2002	6
175	12 2003	6
175	12 2004	6
175	12 2005	6
175	1 2007	6
175	3 2008	6
175	10 2009	6
175	2 2011	6
176	5 1999	6
176	5 2000	7
177	3 1999	5
177	4 2000	6
177	5 2001	6
177	8 2002	6
177	8 2003	6
177	8 2004	6
177	8 2005	6
177	8 2006	6
177	9 2007	6
177	9 2008	6
177	9 2009	6
178	3 1999	6
178	4 2000	6
178	4 2001	6
178	4 2002	6
178	8 2003	6
178	10 2004	6
178	11 2005	6
178	1 2007	6
178	1 2008	6
178	3 2009	6
178	5 2010	6
179	4 1999	6
179	5 2000	6
180	8 1999	6
180	10 1999	6
180	11 2000	6
180	12 2001	6
180	1 2003	6
180	12 2003	6
181	6 1999	6
181	11 2000	6
181	11 2001	6
182	8 1999	6
182	9 2000	6
183	6 1999	6
183	9 2000	7
184	5 2000	6
184	11 2000	6
184	11 2001	6
184	5 2005	6
184	3 2008	6
185	10 1999	6
185	1 2000	6
185	1 2001	7.5
186	11 1999	6
186	1 2000	6
186	1 2001	6
186	2 2002	6
186	2 2003	6
186	2 2005	6
186	3 2006	6
186	5 2007	6
187	11 2005	6
187	11 2006	6
187	11 2007	6
187	11 2008	6
187	5 2010	6
187	5 2011	6
187	12 2012	6
187	3 2015	6
188	11 2005	6
188	12 2006	6
188	11 2007	6
188	11 2008	6
188	11 2009	6
188	10 2010	6
189	6 1999	6
189	3 2000	6
189	4 2001	6
189	4 2002	6
189	4 2003	6
189	4 2004	6
189	4 2005	6
189	5 2006	6
189	5 2007	6
189	1 2009	6
189	10 2011	6
190	3 2000	6
190	1 2001	6
190	4 2002	6
190	3 2003	6
191	12 1998	6
191	5 2000	6
191	8 2001	6
192	3 2000	5
192	4 2001	6
192	3 2002	6
193	3 2000	6
193	5 2000	6
193	4 2001	6
193	10 2002	6
194	4 2000	6
194	10 2000	6
194	10 2001	6
194	10 2002	6
194	5 2003	6
194	5 2004	6
194	5 2005	6
194	6 2006	6
194	8 2007	6
194	8 2008	6
194	9 2009	6
194	9 2010	7
195	4 2000	6
195	6 2000	6
195	8 2001	6
195	8 2002	6
195	2 2003	6
195	2 2004	6
195	2 2005	6
195	2 2006	6
195	4 2007	6
195	2 2009	6
195	10 2010	6
195	5 2012	6
196	6 2006	6
196	6 2007	6
197	4 2000	6
197	9 2000	6
197	10 2001	6
197	10 2002	6
197	9 2005	6
197	11 2007	6
197	10 2009	6
198	3 2000	6
198	4 2000	6
198	5 2001	6
198	10 2002	6
199	5 2000	5
199	10 2000	6
199	1 2002	6
200	5 2000	6
200	8 2000	6
200	9 2001	6
200	9 2002	6
200	10 2003	6
201	5 2000	6
201	1 2001	6
201	1 2002	6
201	12 2002	6
201	12 2003	6
201	5 2005	6
201	5 2006	6
201	5 2007	6
202	5 2000	6
202	5 2001	6
202	5 2002	6
202	5 2003	6
203	9 2005	6
203	9 2006	6
203	9 2007	6
203	10 2008	6
203	11 2009	6
203	11 2010	6
203	1 2012	6
203	5 2013	6
203	6 2014	6
204	5 2000	6
204	2 2001	6
204	3 2002	6
204	3 2003	6
205	5 2007	6
205	5 2008	7
206	9 2000	6
206	3 2001	6
206	3 2002	6
206	3 2003	6
206	4 2004	6
206	2 2006	6
206	3 2008	6
206	3 2009	6
206	3 2010	6
206	3 2012	6
207	8 2000	6
207	4 2002	6
207	4 2003	6
207	5 2004	6
207	5 2005	6
207	4 2001	6
207	5 2006	6
207	5 2007	6
208	9 2000	6
208	6 2001	6
208	6 2002	6
208	6 2003	6
208	6 2004	6
208	6 2005	6
209	10 2000	6
209	1 2001	6
209	1 2002	6
209	3 2003	6
209	5 2004	6
209	5 2005	6
209	6 2006	6
209	8 2007	6
209	3 2009	6
209	5 2010	6
209	5 2011	6
209	5 2012	6
209	6 2013	6
209	6 2014	6
210	9 2000	6
210	3 2001	6
210	11 2002	6
210	9 2003	6
210	9 2004	6
210	11 2005	6
210	3 2007	6
210	2 2009	7
211	4 2005	6
211	12 2005	6
211	4 2007	6
211	5 2008	6
211	5 2009	6
211	5 2010	6
211	9 2011	6
212	12 2000	6
212	12 2001	6
212	3 2003	6
212	3 2004	6
212	2 2005	6
212	2 2006	6
212	2 2007	6
212	2 2008	6
212	6 2009	7
213	1 2001	6
213	3 2001	6
213	5 2002	6
213	5 2003	6
213	9 2005	6
213	11 2006	6
214	10 2003	6
214	3 2004	6
214	5 2006	6
214	9 2007	6
214	10 2012	6
215	12 2000	6
215	1 2002	6
215	1 2003	6
215	1 2004	6
215	1 2005	6
215	1 2006	6
215	1 2007	7
216	2 2001	6
216	8 2001	6
216	8 2002	6
216	9 2003	6
216	10 2004	6
216	12 2005	6
216	2 2007	6
216	2 2008	6
216	9 2009	6
216	9 2010	6
216	9 2011	6
216	10 2014	6
217	4 2003	6
217	2 2004	6
217	5 2006	6
218	5 2007	6
218	4 2008	6
218	6 2008	7
219	2 2001	6
219	11 2001	6
219	11 2002	7
220	2 2001	6
220	1 2002	6
220	4 2003	6
220	4 2004	6
220	4 2005	6
220	4 2006	6
220	4 2007	6
221	3 2001	6
221	4 2002	6
221	6 2003	6
222	2 2001	6
222	12 2002	6
222	12 2004	6
223	4 2001	6
223	4 2002	6
223	5 2003	6
223	5 2004	6
223	5 2005	6
223	5 2006	6
223	5 2007	6
223	5 2008	6
223	5 2009	6
223	8 2010	6
223	8 2012	7
223	12 2012	6
223	2 2014	7.5
224	12 2000	6
224	10 2001	6
224	12 2002	6
224	10 2003	6
224	5 2005	6
224	9 2008	7.5
225	5 1999	6
225	6 2001	8
226	9 1999	6
226	9 2000	6
226	6 2001	6
226	4 2002	6
226	5 2003	6
227	5 2001	6
227	12 2002	6
227	12 2004	6
228	11 2001	6
228	4 2002	6
228	4 2003	6
228	5 2004	6
228	8 2005	6
228	10 2006	6
228	10 2007	6
228	12 2008	6
228	10 2009	7
229	5 2001	6
229	11 2001	6
229	11 2002	6
229	12 2003	6
229	6 2005	7
230	11 2005	6
230	11 2006	6
230	10 2007	6
230	10 2008	6
230	10 2009	6
230	5 2011	6
230	12 2012	6
230	12 2013	6
230	12 2014	6
231	9 2001	6
231	9 2002	6
231	9 2003	6
231	9 2004	6
231	8 2005	7
232	5 2001	6
232	9 2003	6
232	5 2005	6
232	3 2008	6
232	5 2011	6
232	1 2013	6
233	12 2002	6
233	11 2003	6
233	4 2005	6
234	6 2001	6
234	1 2002	6
234	2 2003	6
234	5 2004	6
234	5 2005	6
234	5 2006	6
235	10 2001	6
235	8 2002	6
235	8 2003	6
235	8 2004	6
236	6 2001	6
236	1 2002	6
236	4 2003	6
236	4 2004	6
236	1 2005	6
236	1 2006	6
237	10 2001	6
237	3 2002	6
237	4 2003	6
237	4 2004	7
238	11 2000	6
238	10 2002	6
238	11 2003	7
239	9 2006	6
239	9 2007	6
239	9 2008	6
239	4 2010	6
239	5 2011	6
239	5 2012	6
239	8 2013	6
239	1 2015	6
240	9 2001	6
240	11 2001	6
240	11 2002	6
240	11 2003	6
240	11 2004	6
240	11 2005	6
240	11 2006	6
240	11 2007	6
240	12 2008	6
240	5 2010	6
240	1 2013	6
241	4 2005	6
241	5 2006	6
241	8 2007	6
241	11 2008	6
241	2 2010	6
241	2 2011	6
241	3 2012	7
242	10 2001	6
242	11 2002	6
242	1 2004	6
242	2 2005	6
242	1 2006	6
243	2 2002	6
243	5 2003	6
243	5 2004	6
243	5 2005	6
243	9 2006	6
243	9 2007	6
244	5 2003	6
244	10 2003	6
245	12 2001	6
245	3 2002	6
245	5 2003	6
245	6 2004	6
245	5 2005	6
245	5 2006	6
246	4 2002	6
246	9 2003	6
246	10 2005	6
246	1 2007	6
246	2 2008	6
246	2 2009	6
246	4 2010	6
247	12 2001	6
247	5 2002	6
247	5 2003	6
248	9 2001	6
248	10 2002	6
248	11 2003	6
248	3 2005	6
248	2 2006	6
249	1 2002	6
249	5 2002	6
249	5 2003	6
249	5 2004	6
249	8 2005	6
249	10 2006	6
249	10 2007	6
250	1 2002	5
250	6 2002	6
250	8 2003	6
251	12 2001	6
251	6 2002	6
251	6 2003	6
251	6 2004	6
251	6 2005	6
251	8 2006	6
251	8 2007	6
251	11 2008	6
251	11 2009	6
251	11 2010	6
251	11 2011	6
251	5 2013	6
251	3 2015	6
252	1 2002	6
252	8 2002	6
252	12 2003	6
253	2 2002	6
253	5 2003	5
253	4 2004	6
253	4 2005	6
253	4 2006	6
254	2 2002	6
254	5 2002	6
254	9 2003	6
254	11 2004	6
254	11 2005	6
254	11 2006	6
254	5 2008	6
254	1 2010	6
254	6 2011	6
254	1 2013	6
254	5 2014	6
255	2 2002	6
255	6 2002	6
255	11 2003	6
255	10 2004	6
255	10 2005	6
255	11 2006	6
255	3 2012	6
255	5 2013	7
256	3 2002	6
257	9 2007	6
258	2 2002	6
258	3 2003	6
258	5 2004	6
258	12 2005	6
258	5 2008	6
259	5 2001	6
259	3 2003	6
259	4 2004	6
259	8 2005	6
259	5 2007	6
260	3 2002	6
260	11 2002	6
260	12 2003	6
260	5 2005	6
261	1 2002	6
261	9 2002	6
261	10 2003	7
262	4 2002	6
262	5 2003	6
262	6 2004	6
262	8 2005	6
262	4 2007	6
262	5 2008	6
263	5 2002	6
263	5 2002	6
263	5 2003	6
263	2 2004	6
263	3 2005	6
263	4 2008	6
264	5 2001	6
264	6 2002	6
264	6 2003	6
265	2 2002	6
265	11 2002	6
265	11 2003	6
265	1 2005	7
266	4 2002	6
266	8 2003	6
266	8 2004	6
266	8 2005	6
266	9 2006	6
267	5 2002	6
267	12 2002	6
267	1 2004	6
267	1 2005	6
267	1 2006	6
267	1 2007	6
268	4 2002	6
268	2 2003	6
268	2 2004	6
268	2 2005	7.5
269	5 2002	6
269	9 2002	6
269	9 2003	6
269	9 2004	6
269	9 2005	6
269	10 2006	6
269	10 2007	6
269	10 2009	6
270	5 2003	6
270	6 2004	6
270	5 2006	6
270	5 2007	6
270	6 2008	6
271	5 2002	6
271	9 2003	6
271	9 2004	6
271	9 2005	6
272	4 2002	6
272	8 2003	6
272	8 2004	6
272	8 2005	6
273	5 2002	6
273	10 2002	6
273	12 2003	6
273	3 2005	6
274	3 2002	6
274	2 2004	6
274	8 2005	6
274	5 2007	6
275	5 2002	6
275	4 2003	6
275	6 2004	6
275	4 2006	6
275	4 2008	6
275	5 2010	7
276	3 2002	6
276	3 2003	6
276	3 2004	6
276	5 2005	6
276	5 2006	6
276	5 2007	6
276	5 2008	6
276	9 2009	6
276	11 2010	6
276	12 2011	6
276	10 2014	7
277	5 2002	6
277	3 2003	6
277	5 2004	6
277	5 2005	6
277	6 2006	6
277	3 2009	6
278	5 2002	6
278	6 2003	6
278	8 2004	6
278	9 2005	6
278	8 2006	6
279	12 2002	6
279	12 2003	6
279	9 2004	6
280	2 2002	6
280	8 2006	6
280	9 2007	7
281	5 2002	6
281	6 2003	6
281	6 2004	6
281	6 2005	7.5
282	6 2002	6
282	1 2003	6
282	1 2004	6
282	1 2005	7
283	5 2002	6
283	9 2002	6
283	3 2006	7
284	8 2002	6
284	12 2002	6
284	12 2003	6
284	12 2004	7
285	3 2002	6
285	10 2002	6
285	10 2003	6
285	12 2004	6
285	11 2005	6
285	10 2006	6
285	1 2008	6
285	1 2009	6
285	6 2010	6
286	2 2005	6
286	2 2006	6
287	9 2002	6
287	12 2002	6
287	12 2003	6
288	9 2002	6
288	3 2003	6
288	3 2004	6
288	3 2005	6
288	3 2006	6
288	4 2007	6
288	4 2008	6
288	4 2009	6
289	9 2002	6
289	5 2003	6
289	5 2004	6
289	5 2005	6
289	5 2006	6
289	9 2007	6
290	5 2004	6
290	3 2005	6
290	3 2006	6
290	1 2008	6
290	5 2009	6
291	10 2002	6
291	9 2003	6
291	11 2004	6
292	12 2002	6
292	8 2004	6
293	11 2003	6
293	1 2005	6
294	10 2002	6
294	1 2004	6
294	1 2005	6
294	1 2006	6
294	1 2007	6
294	1 2008	6
294	1 2009	6
295	9 2005	6
296	10 2002	6
296	4 2003	6
296	4 2004	6
296	4 2005	6
296	4 2006	6
296	4 2007	6
296	4 2008	6
296	10 2009	6
296	12 2010	6
296	12 2011	6
296	5 2013	6
297	9 2002	6
297	6 2003	6
297	6 2004	6
297	8 2005	6
297	10 2006	6
297	9 2007	6
297	5 2009	6
297	5 2011	6
298	10 2002	6
298	1 2003	6
298	4 2004	6
299	10 2002	6
299	8 2004	6
299	8 2005	6
299	6 2006	6
299	5 2007	6
299	5 2008	6
299	5 2009	6
299	6 2010	7.5
300	11 2002	6
300	5 2003	6
300	5 2004	6
300	5 2005	6
300	8 2006	6
300	9 2007	6
300	9 2008	6
300	9 2009	6
300	1 2011	6
300	3 2012	7
300	4 2013	6
301	12 2002	6
301	5 2003	6
301	5 2004	6
301	5 2005	6
301	5 2006	6
301	5 2007	6
301	5 2008	6
301	12 2009	6
301	12 2010	6
301	12 2011	7.5
302	11 2002	6
302	5 2003	6
302	5 2004	6
302	5 2005	6
302	8 2006	7
303	11 2002	6
303	2 2003	6
303	2 2004	7
304	1 2003	6
304	8 2003	6
304	10 2004	6
304	11 2005	6
305	1 2003	6
305	5 2003	6
305	5 2004	6
306	5 2002	6
306	5 2003	6
306	5 2004	6
306	5 2005	6
306	5 2006	7
307	2 2003	6
307	3 2004	6
307	3 2005	6
307	4 2006	6
307	2 2007	6
308	11 2002	6
308	5 2003	6
309	9 2002	6
309	8 2003	6
309	9 2004	6
310	1 2003	6
310	6 2003	6
310	10 2004	6
311	11 2002	6
311	5 2003	6
311	5 2004	6
311	5 2005	6
312	12 2002	6
312	12 2003	6
312	12 2004	6
312	5 2006	6
312	2 2008	6
313	1 2003	6
313	6 2003	6
313	6 2004	6
313	6 2005	6
313	6 2007	6
313	8 2008	6
314	2 2003	6
314	10 2003	6
314	11 2004	6
314	4 2007	6
314	12 2008	6
314	5 2011	6
315	1 2003	6
315	5 2003	6
315	5 2004	6
315	5 2005	6
315	5 2006	6
315	5 2007	6
316	5 2003	6
316	5 2004	6
316	5 2005	6
316	5 2006	6
316	8 2007	6
316	10 2008	6
316	9 2015	6
317	3 2003	6
317	11 2003	6
317	11 2004	6
317	11 2005	6
317	11 2006	6
317	11 2007	6
317	10 2008	6
317	4 2010	6
318	2 2003	6
318	9 2003	6
318	1 2005	6
318	4 2006	6
318	6 2007	6
319	3 2003	6
319	4 2004	6
319	5 2005	6
319	9 2007	7.5
320	3 2003	6
320	6 2003	6
320	9 2004	6
320	9 2005	6
320	10 2006	6
320	10 2007	6
321	3 2003	6
321	6 2003	6
321	6 2004	6
321	8 2005	6
321	1 2005	6
321	6 2007	6
321	3 2009	6
322	3 2003	6
322	3 2004	6
322	2 2005	6
322	2 2006	6
322	2 2007	6
322	3 2008	6
322	8 2009	6
323	4 2003	6
323	6 2004	6
323	8 2005	6
324	4 2003	6
324	10 2003	6
324	10 2004	6
324	9 2006	6
325	4 2003	6
325	8 2003	6
325	9 2004	6
325	11 2005	6
325	11 2006	6
325	10 2007	6
325	10 2008	6
325	10 2009	6
325	4 2011	6
325	11 2012	6
326	5 2003	6
326	9 2003	6
326	9 2004	6
326	9 2005	6
326	10 2006	6
326	12 2009	6
326	4 2008	6
326	11 2010	6
326	10 2011	6
327	3 2003	6
327	4 2004	6
327	4 2005	6
327	4 2006	6
327	4 2007	6
328	2 2003	6
328	8 2003	6
328	11 2004	6
328	1 2006	6
328	3 2007	6
328	4 2008	6
328	6 2009	6
328	5 2010	6
328	5 2011	6
328	5 2012	6
328	5 2013	6
329	5 2003	6
329	8 2003	6
329	8 2004	6
329	9 2005	6
329	3 2007	6
329	9 2008	6
329	3 2010	6
329	5 2011	6
329	5 2012	6
329	5 2013	6
329	1 2015	6
330	4 2003	6
330	11 2003	6
330	11 2004	6
330	12 2005	6
330	2 2007	6
330	3 2008	6
330	3 2009	6
331	3 2003	6
331	12 2003	6
331	2 2005	6
331	12 2006	6
331	1 2008	6
332	4 2003	6
332	10 2003	6
332	10 2004	6
332	10 2005	6
332	11 2006	6
332	10 2007	6
333	5 2003	6
333	10 2003	6
333	10 2004	6
333	10 2005	6
333	12 2006	6
333	1 2008	6
334	5 2003	6
334	5 2004	6
334	1 2007	6
334	4 2008	6
335	9 2002	6
335	10 2003	6
335	10 2004	6
335	10 2005	6
335	11 2006	6
335	11 2007	6
335	11 2008	6
335	11 2009	6
335	10 2011	6
335	5 2013	6
335	4 2014	6
336	6 2001	6
336	4 2002	6
336	8 2003	6
336	8 2004	6
336	8 2005	6
336	8 2006	6
336	8 2007	6
336	8 2008	6
336	8 2009	6
336	8 2010	6
336	8 2011	6
336	8 2012	6
337	5 2003	6
337	2 2004	6
337	3 2005	7
338	6 2003	6
338	6 2004	6
338	12 2006	6
339	6 2003	6
339	6 2004	6
339	2 2006	6
339	3 2007	6
339	2 2008	6
339	2 2009	6
340	11 2005	6
340	5 2006	6
341	2 2004	6
341	2 2005	6
341	4 2006	6
341	5 2007	6
341	5 2008	6
341	5 2009	6
341	5 2010	6
341	5 2011	6
341	6 2012	6
341	6 2013	6
341	11 2014	6
342	6 2003	6
342	1 2004	6
342	2 2005	6
342	2 2006	6
342	4 2007	6
342	4 2008	6
342	4 2009	6
342	5 2010	6
342	5 2011	6
342	5 2012	6
342	5 2013	6
342	5 2015	6
343	4 2003	6
343	11 2003	6
343	11 2004	6
343	11 2005	6
344	5 2003	6
344	5 2004	6
345	9 2003	6
345	9 2004	6
345	10 2005	6
345	9 2006	6
346	9 2002	6
346	5 2004	6
347	5 2000	6
347	6 2007	6
347	8 2008	6
348	10 2003	6
348	10 2004	6
348	6 2006	6
348	8 2008	6
349	10 2003	6
349	1 2004	6
349	12 2004	6
349	1 2006	6
350	5 2003	6
350	12 2003	6
350	12 2004	6
350	12 2005	6
350	1 2007	6
351	9 2003	6
351	1 2004	6
351	1 2005	6
351	2 2006	6
351	2 2007	6
351	3 2008	6
351	4 2009	7
352	11 2003	6
352	5 2004	6
352	5 2005	6
352	5 2006	6
352	8 2007	6
352	5 2008	6
352	5 2009	6
352	8 2010	6
352	8 2011	6
353	12 2003	6
353	3 2004	6
353	3 2005	6
353	3 2006	6
353	4 2007	6
353	4 2008	6
353	9 2009	6
353	9 2010	8
354	11 2003	6
354	3 2004	6
354	3 2005	6
355	10 2003	6
355	1 2004	6
355	1 2005	6
355	1 2006	6
355	1 2007	6
356	1 2004	6
356	1 2005	6
356	1 2006	6
356	1 2007	6
356	1 2008	6
357	4 2003	6
357	1 2004	6
357	1 2005	6
357	1 2006	6
357	1 2007	6
357	1 2008	7.5
358	11 2003	6
358	1 2004	6
358	3 2005	6
358	2 2006	6
359	11 2003	6
359	2 2004	6
359	3 2005	7
360	11 2003	6
360	1 2004	6
360	2 2005	6
360	2 2006	6
360	5 2007	6
360	11 2008	6
360	9 2010	6
360	8 2012	6
361	6 2004	6
361	6 2005	6
361	6 2006	6
361	6 2007	6
361	8 2008	6
361	1 2014	6
362	9 2007	6
362	9 2008	6
362	10 2009	6
362	10 2010	6
362	11 2011	6
362	1 2013	6
362	12 2013	6
362	1 2015	6
363	11 2003	6
363	5 2004	6
363	2 2005	7
364	1 2004	6
364	3 2004	6
364	3 2005	7
365	1 2004	6
365	2 2005	6
365	4 2006	6
365	10 2008	6
365	1 2010	6
366	5 2000	6
366	5 2004	6
366	11 2006	7.5
367	1 2004	6
367	5 2004	6
367	5 2005	6
367	5 2006	6
367	5 2007	6
367	5 2008	6
367	5 2009	6
367	9 2010	6
367	10 2011	6
367	2 2013	6
367	4 2014	6
368	4 2004	6
368	4 2005	6
368	5 2006	6
368	12 2007	6
368	1 2009	6
368	1 2012	6
368	12 2012	6
368	1 2014	6
368	3 2015	6
369	4 2003	6
369	5 2004	6
369	5 2005	6
369	6 2006	6
370	2 2004	6
370	3 2005	6
371	1 2004	6
371	6 2005	6
371	11 2006	7
372	10 2003	6
372	4 2004	6
372	5 2005	6
372	5 2006	6
372	6 2007	6
373	3 2004	6
373	6 2004	6
373	5 2005	6
373	6 2006	6
373	8 2007	6
373	6 2008	6
373	6 2009	6
373	6 2010	6
373	8 2011	6
373	1 2013	6
373	1 2014	6
373	10 2015	6
374	4 2004	6
374	10 2004	6
374	9 2005	6
375	10 2003	6
375	10 2004	6
375	10 2005	6
375	4 2006	6
376	4 2004	6
376	5 2005	6
377	12 2003	6
377	12 2004	6
377	12 2005	6
378	10 2003	6
378	6 2004	6
378	6 2005	8
379	4 2004	6
379	6 2004	6
379	6 2005	6
379	8 2006	6
379	11 2007	6
379	3 2012	6
380	4 2004	6
380	6 2004	6
380	6 2005	7.5
381	2 2004	6
381	12 2004	6
381	12 2005	7
382	6 2004	6
382	8 2005	6
382	8 2006	6
383	5 2004	6
383	10 2004	6
383	10 2005	6
383	12 2006	6
383	1 2008	6
383	6 2009	6
383	1 2011	6
383	1 2012	6
383	1 2013	6
383	1 2014	6
383	11 2015	6
384	5 2004	6
384	9 2005	6
384	9 2004	6
384	9 2006	6
384	1 2008	6
385	8 2003	6
385	9 2004	6
385	9 2005	6
386	5 2004	6
386	10 2004	6
386	12 2005	6
387	5 2004	6
387	6 2005	6
388	6 2004	6
388	10 2004	6
388	10 2005	6
388	10 2006	6
388	4 2008	6
388	10 2009	6
389	5 2004	6
389	8 2004	6
389	5 2005	6
389	5 2006	6
389	6 2007	6
389	6 2008	6
389	8 2009	6
390	5 2004	6
390	5 2006	6
390	8 2007	6
390	9 2008	9
391	6 2004	6
391	1 2005	6
391	11 2005	6
391	1 2007	7
392	8 2004	6
392	2 2005	6
392	3 2006	6
393	5 2004	6
393	12 2004	6
393	12 2005	6
394	5 2004	6
394	12 2005	6
395	4 2004	6
395	10 2004	6
395	10 2005	6
395	1 2007	6
396	8 2004	6
396	11 2004	6
396	11 2005	6
397	6 2004	6
397	11 2004	6
397	11 2005	6
397	11 2006	6
397	10 2007	6
397	10 2008	6
397	9 2009	6
397	9 2010	6
397	9 2011	6
397	9 2012	6
397	9 2013	7
398	5 2006	6
398	12 2006	6
399	11 2003	6
399	2 2005	6
399	2 2006	6
399	3 2008	6
399	3 2009	6
399	1 2011	6
399	2 2013	6
399	9 2014	6
400	4 2004	6
400	10 2004	6
400	10 2005	6
400	4 2006	6
400	4 2007	7.5
401	8 2004	6
401	12 2004	6
401	12 2005	6
401	12 2006	6
401	12 2007	6
401	12 2008	6
401	6 2010	6
401	8 2012	6
402	9 2004	6
402	2 2005	6
402	4 2006	6
402	5 2007	6
402	5 2008	6
403	8 2004	6
403	5 2005	6
403	10 2006	6
403	10 2007	6
403	2 2009	6
403	5 2010	7.5
404	9 2004	6
404	3 2005	6
404	5 2006	6
404	5 2007	6
404	5 2008	6
404	5 2009	6
404	3 2011	6
404	5 2013	6
404	4 2014	6
405	10 2004	6
405	2 2005	6
405	3 2006	6
405	6 2007	6
405	6 2008	6
405	6 2009	6
405	10 2010	6
405	3 2012	6
405	11 2013	6
405	3 2015	6
406	9 2004	6
406	10 2005	6
406	11 2006	6
406	6 2008	6
406	8 2009	6
407	10 2004	6
407	12 2004	6
408	11 2004	6
408	1 2005	6
408	11 2005	6
409	6 2004	6
409	6 2005	6
409	6 2006	6
409	3 2008	6
409	5 2011	6
410	11 2004	6
410	12 2005	6
410	2 2007	6
410	5 2010	6
410	1 2012	6
410	8 2015	6
411	6 2003	6
411	1 2005	6
411	1 2006	6
411	2 2007	6
411	9 2008	6
411	3 2009	7
412	11 2004	6
412	2 2005	6
412	3 2006	6
412	4 2007	6
412	10 2008	6
412	10 2009	6
412	10 2010	6
413	12 2004	6
413	1 2006	6
413	1 2007	6
413	3 2008	6
413	3 2009	6
413	5 2010	6
413	5 2011	6
414	11 2004	6
414	3 2005	6
414	3 2006	6
414	3 2007	6
414	3 2008	6
415	5 2005	6
415	10 2006	6
415	10 2007	6
415	10 2008	6
415	10 2009	6
415	11 2010	6
415	3 2012	6
415	3 2013	6
416	10 2004	6
416	3 2005	6
416	3 2006	6
416	2 2011	6
416	9 2007	6
417	1 2005	6
417	8 2005	6
417	9 2006	6
417	10 2007	6
418	3 2005	6
418	6 2006	6
418	11 2007	6
418	10 2008	6
418	10 2009	6
418	10 2010	6
418	10 2011	6
418	2 2013	6
419	3 2005	6
419	6 2005	6
419	10 2006	6
419	10 2007	6
419	1 2009	6
420	5 2005	6
421	4 2005	6
421	9 2005	6
421	10 2006	6
421	10 2007	6
421	10 2008	6
421	10 2009	6
421	10 2010	7.5
422	4 2005	6
422	11 2005	6
422	11 2006	6
422	11 2007	6
422	11 2008	6
422	11 2009	6
422	11 2010	6
422	11 2011	6
422	12 2012	6
422	1 2014	7
423	5 2005	6
423	4 2006	6
424	5 2005	6
424	9 2005	6
424	8 2006	6
425	5 2002	6
425	12 2005	6
425	5 2007	6
426	5 2005	6
426	10 2005	6
426	10 2006	6
427	4 2005	6
427	9 2005	6
427	10 2006	6
427	10 2007	6
427	12 2008	6
427	10 2010	6
427	10 2011	6
427	10 2012	6
428	5 2005	6
428	9 2005	6
428	9 2006	6
428	10 2007	6
428	10 2008	6
428	10 2009	6
429	4 2004	6
429	8 2005	6
429	8 2006	6
429	8 2007	6
429	8 2008	6
429	8 2009	6
429	8 2010	6
429	8 2011	6
429	8 2012	7
429	8 2013	6
430	6 2005	6
430	9 2005	6
430	10 2006	6
430	9 2007	6
430	5 2013	7
431	2 2000	6
431	3 2001	6
431	12 2004	6
431	1 2006	6
431	2 2007	6
431	5 2009	6
431	3 2011	6
432	8 2005	6
432	11 2005	6
432	2 2007	7
433	12 2003	6
433	9 2005	6
434	12 2004	6
434	12 2005	6
434	2 2007	6
434	4 2008	6
434	5 2009	6
434	8 2010	6
434	10 2011	6
434	11 2012	6
434	12 2013	6
434	10 2015	6
435	8 2005	6
435	5 2006	6
436	6 2005	6
436	11 2005	6
436	4 2007	6
437	6 2005	6
437	1 2006	6
437	11 2006	7
438	8 2004	6
438	9 2005	6
438	6 2008	6
438	10 2011	7.5
439	9 2005	6
439	11 2005	6
439	11 2006	6
439	11 2007	6
439	11 2008	6
439	10 2009	6
439	11 2010	6
440	9 2005	6
440	12 2005	6
440	12 2006	6
440	1 2008	6
440	12 2008	6
440	12 2009	6
440	2 2011	6
440	5 2012	6
440	5 2013	6
440	9 2015	6
441	4 2005	6
441	5 2006	6
441	5 2007	6
442	9 2005	6
442	12 2005	6
442	2 2007	6
442	2 2008	6
442	8 2009	6
442	8 2010	6
442	8 2011	6
442	8 2013	6
443	4 2006	6
443	3 2007	6
444	10 2005	6
444	10 2006	6
444	12 2007	6
444	12 2008	6
444	12 2009	6
444	6 2011	6
445	12 2006	6
445	12 2007	6
445	12 2008	6
445	1 2010	6
445	1 2011	6
445	9 2013	6
445	12 2014	6
446	11 2005	6
446	1 2006	6
446	12 2006	6
446	12 2007	6
446	12 2008	6
446	12 2009	6
446	12 2010	6
446	12 2011	6
446	12 2012	6
447	11 2005	6
447	1 2006	6
447	1 2007	6
447	1 2008	6
447	2 2009	6
447	4 2010	6
447	4 2011	6
447	5 2013	7.5
448	8 2005	6
448	8 2006	6
448	8 2013	7
449	11 2005	6
449	1 2006	6
449	3 2007	6
449	5 2008	6
449	11 2009	6
449	4 2011	6
450	2 2006	6
450	4 2007	6
450	4 2008	6
450	4 2009	6
450	4 2010	6
450	10 2011	6
450	4 2014	6
451	12 2005	6
451	1 2006	6
451	1 2008	6
452	8 2005	6
452	2 2006	6
452	2 2007	6
452	2 2008	6
452	8 2009	6
452	2 2011	6
452	2 2013	6
452	2 2014	6
452	3 2015	6
453	12 2005	6
453	3 2007	6
453	8 2008	6
453	1 2010	6
453	4 2011	6
454	12 2005	6
454	5 2006	6
454	5 2007	6
454	5 2008	6
454	5 2009	6
454	11 2010	6
454	12 2011	6
454	11 2012	6
454	3 2015	6
455	1 2007	6
455	4 2007	6
455	5 2008	6
455	5 2009	6
455	8 2010	6
455	9 2011	6
455	5 2013	6
455	5 2015	6
456	1 2006	6
456	2 2007	6
456	5 2008	6
456	6 2009	6
456	9 2010	6
456	8 2011	6
457	11 2004	6
457	2 2006	7
458	2 2006	6
458	2 2007	6
458	3 2008	6
458	3 2009	6
458	4 2010	6
458	5 2011	6
458	10 2013	6
459	1 2006	6
459	10 2006	6
459	11 2007	6
459	12 2008	6
459	4 2010	6
459	4 2011	6
459	5 2013	6
460	1 2006	6
460	3 2006	6
460	3 2007	6
460	12 2008	6
460	10 2010	6
460	2 2013	6
461	1 2006	6
461	9 2006	6
461	9 2007	6
462	2 2006	6
462	2 2007	7
463	2 2006	6
463	4 2006	6
463	4 2007	6
463	4 2008	6
463	5 2009	6
463	4 2010	6
464	2 2006	6
464	9 2006	6
465	1 2006	6
465	5 2006	6
465	5 2007	6
465	5 2008	7.5
466	3 2006	6
466	1 2007	6
466	4 2008	6
466	10 2009	6
466	10 2011	6
466	6 2015	6
467	2 2006	6
467	2 2007	6
468	2 2006	6
468	5 2007	6
468	5 2008	6
468	5 2009	6
468	5 2010	6
468	5 2011	6
468	5 2012	6
468	5 2014	6
469	1 2006	6
469	5 2006	6
469	5 2007	6
469	5 2008	6
469	5 2009	6
469	5 2010	6
469	5 2011	6
469	5 2012	6
470	4 2006	6
470	9 2006	6
470	9 2007	8
471	1 2006	6
471	5 2007	6
471	5 2008	6
471	1 2010	6
471	5 2011	6
471	5 2013	6
471	5 2015	6
472	3 2006	6
472	11 2006	6
472	1 2008	6
472	1 2009	6
473	4 2006	6
473	9 2006	6
473	10 2007	6
473	10 2008	6
474	6 2006	6
474	6 2007	6
475	6 2006	6
475	6 2007	6
476	5 2006	6
476	10 2006	6
476	10 2007	6
476	10 2008	6
476	3 2010	6
476	4 2011	6
477	10 2005	6
477	11 2006	6
477	11 2007	6
477	2 2009	6
478	5 2006	6
478	5 2007	6
479	5 2006	6
479	9 2006	6
479	9 2007	6
479	9 2008	6
479	3 2010	6
479	3 2011	6
479	3 2012	6
479	4 2013	6
479	3 2014	6
480	5 2006	6
480	9 2006	6
480	6 2007	6
480	6 2008	6
480	11 2009	6
480	12 2010	6
480	1 2012	6
480	2 2013	6
481	4 2005	6
481	12 2006	6
481	1 2008	6
481	1 2009	6
482	5 2006	6
482	5 2007	6
482	5 2008	6
482	5 2009	6
482	8 2015	6
483	8 2006	6
483	8 2007	6
484	5 2006	6
484	4 2007	6
484	4 2008	6
484	5 2009	6
484	5 2010	6
484	8 2011	6
484	9 2012	6
484	10 2013	6
484	2 2015	6
485	5 2006	6
485	5 2007	6
485	8 2008	6
485	4 2010	6
485	10 2011	6
485	5 2013	6
486	5 2006	6
486	9 2007	6
486	10 2008	6
486	10 2009	6
486	9 2010	6
486	9 2011	6
486	9 2012	6
486	4 2014	6
487	8 2006	6
487	12 2006	6
487	12 2007	6
487	12 2008	6
487	1 2010	6
488	6 2006	6
488	10 2007	6
488	10 2008	7
489	10 2006	6
489	10 2007	8
490	8 2005	6
490	11 2006	6
490	11 2007	6
490	6 2008	6
490	10 2009	6
490	9 2011	6
490	4 2013	6
490	5 2014	6
491	12 2006	6
491	1 2008	6
492	8 2006	6
492	8 2007	7
493	2 2006	6
493	6 2007	6
493	10 2008	6
494	9 2006	6
494	9 2007	6
494	9 2008	6
495	9 2002	6
495	2 2003	6
495	1 2007	6
496	11 2006	6
496	2 2007	6
496	2 2008	6
496	3 2009	6
496	2 2010	7
497	10 2006	6
497	12 2006	6
497	12 2007	6
497	12 2008	6
497	12 2009	6
497	1 2011	6
497	1 2012	6
497	1 2013	6
497	3 2015	6
498	10 2006	6
498	4 2007	6
499	10 2006	6
499	1 2007	6
499	1 2008	7
500	9 2005	6
500	1 2007	6
501	10 2006	6
501	1 2007	6
501	1 2008	6
501	1 2009	6
501	1 2010	6
501	1 2011	6
501	1 2012	6
501	1 2013	6
501	1 2014	6
501	6 2015	6
502	5 2006	6
502	5 2007	6
502	5 2008	6
502	6 2010	6
502	1 2012	6
502	8 2013	6
502	9 2015	6
503	10 2006	6
503	4 2008	6
503	5 2009	6
503	4 2010	6
504	5 2007	6
504	4 2008	6
505	11 2006	6
505	10 2007	6
505	9 2008	6
505	8 2010	6
506	12 2006	6
506	2 2007	6
506	10 2007	8
507	10 2006	6
507	2 2008	6
507	2 2009	6
508	2 2007	6
508	5 2007	6
508	5 2008	6
508	5 2009	6
509	12 2006	6
509	3 2007	6
509	4 2008	7
510	9 2006	6
510	3 2008	6
510	8 2014	7
511	12 2006	6
511	12 2007	6
511	11 2008	7
512	12 2006	6
512	3 2008	6
513	12 2006	6
513	2 2007	6
513	2 2008	6
513	4 2009	6
513	5 2010	6
514	11 2006	6
514	9 2007	6
514	5 2008	6
514	10 2009	6
515	12 2006	6
515	3 2008	6
515	8 2009	6
515	8 2010	6
515	8 2011	6
515	9 2012	6
516	5 2007	6
516	5 2008	7.5
517	1 2007	6
517	1 2008	6
517	2 2009	6
517	4 2010	6
517	8 2011	6
517	8 2012	6
517	2 2014	7
517	9 2015	7
518	4 2007	6
518	4 2008	6
519	1 2007	6
519	1 2008	6
519	1 2009	6
519	1 2010	6
519	2 2011	6
519	1 2012	6
519	1 2013	6
520	1 2007	6
520	3 2008	7
521	1 2007	6
521	12 2007	6
521	11 2008	6
521	1 2010	6
522	12 2006	6
522	1 2008	6
522	1 2009	6
522	2 2010	6
522	1 2011	6
522	2 2012	6
522	3 2013	6
522	3 2014	6
523	2 2007	6
523	5 2007	6
523	5 2008	6
524	1 2007	6
524	2 2008	6
525	1 2007	6
525	2 2008	6
525	3 2009	6
525	2 2010	6
525	3 2011	6
525	9 2012	8
526	2 2007	6
526	2 2008	6
526	2 2009	6
526	9 2010	7
527	10 2006	6
527	2 2007	6
527	2 2008	6
527	2 2009	6
527	3 2010	6
527	5 2011	6
527	5 2012	6
527	5 2013	6
528	2 2006	6
528	3 2007	6
529	2 2007	6
529	2 2008	6
529	2 2009	6
530	3 2007	6
530	10 2010	8
531	8 2006	6
531	8 2007	6
531	9 2008	6
531	4 2010	6
531	4 2015	6
532	2 2007	6
532	4 2007	6
532	6 2008	6
532	6 2009	6
532	5 2010	6
532	8 2011	6
532	8 2012	6
532	3 2014	6
533	3 2007	6
533	4 2008	6
533	11 2010	6
534	4 2007	6
534	6 2007	6
535	3 2007	6
535	5 2008	7.5
536	12 2004	6
536	5 2007	6
536	5 2008	6
537	2 2007	6
537	1 2008	6
538	11 2006	6
538	11 2007	6
538	11 2008	6
538	1 2010	6
538	1 2011	6
538	2 2012	7
539	4 2007	6
539	5 2008	6
540	4 2007	6
540	4 2008	6
540	4 2009	6
540	4 2010	6
541	4 2007	6
541	10 2007	8
542	12 2006	6
542	5 2007	6
542	8 2008	6
542	12 2008	6
543	3 2007	6
543	5 2007	6
544	5 2007	6
544	5 2008	6
544	5 2009	6
544	5 2010	6
544	5 2011	6
544	5 2012	6
544	5 2013	6
544	12 2014	6
546	5 2007	6
546	5 2008	6
546	11 2010	6
546	12 2011	6
547	6 2007	6
547	6 2008	6
547	6 2010	6
547	8 2011	6
548	3 2007	6
548	4 2008	9
549	2 2006	6
549	11 2006	6
549	12 2007	6
549	12 2008	6
549	1 2010	6
549	1 2011	6
549	2 2012	6
549	3 2013	6
550	4 2007	6
550	5 2008	6
550	10 2009	6
550	5 2011	6
551	5 2007	6
551	6 2008	6
552	5 2007	6
552	9 2007	6
552	9 2008	6
552	9 2009	6
552	10 2010	6
552	11 2012	6
553	1 2007	6
553	2 2008	6
554	3 2007	6
554	4 2008	6
554	4 2009	6
554	4 2010	6
554	4 2011	6
554	10 2012	6
554	10 2013	6
554	10 2014	6
555	3 2007	6
555	3 2008	6
556	5 2007	6
556	4 2008	6
556	8 2009	6
556	9 2010	6
556	9 2011	6
556	10 2012	6
557	12 2006	6
557	2 2008	6
557	2 2009	6
557	2 2010	6
557	2 2011	6
557	2 2012	6
557	6 2013	6
557	6 2014	6
557	8 2015	6
558	6 2007	6
559	6 2007	6
559	10 2007	6
559	10 2008	6
559	10 2009	6
559	10 2010	6
559	11 2011	6
559	5 2013	6
559	5 2014	6
560	5 2007	6
560	5 2008	6
560	5 2009	6
560	5 2010	6
560	1 2013	6
560	5 2015	6
561	8 2007	6
561	8 2008	6
562	9 2006	6
562	10 2007	6
562	11 2008	6
562	12 2009	6
562	2 2011	6
563	8 2007	6
563	2 2008	6
563	5 2009	6
563	8 2010	6
563	11 2011	6
564	5 2007	6
564	4 2008	6
564	5 2009	6
565	9 2004	6
565	11 2007	6
565	11 2008	6
565	11 2009	6
565	11 2011	6
566	8 2007	6
566	12 2008	6
566	3 2010	6
566	2 2011	6
566	3 2012	6
567	9 2007	6
567	9 2008	6
567	11 2009	6
567	5 2014	7.5
568	8 2007	6
568	6 2008	6
568	10 2009	6
568	4 2011	6
568	3 2013	6
569	10 2000	6
569	10 2007	6
569	10 2008	6
569	11 2010	6
570	4 2007	6
570	4 2008	6
571	4 2007	6
571	11 2007	6
571	10 2008	7.5
572	10 2006	6
572	12 2007	6
572	2 2009	6
572	3 2010	7
572	3 2011	6
572	3 2012	7
572	9 2013	7
572	9 2014	7
572	9 2015	6
573	11 2007	6
573	2 2009	6
574	8 2007	6
574	8 2008	6
575	10 2005	6
575	2 2007	6
575	2 2008	6
575	1 2009	6
575	2 2010	6
575	3 2011	6
575	3 2012	6
575	5 2013	6
575	12 2014	6
576	10 2007	6
576	10 2008	8
577	9 2006	6
577	12 2007	6
577	9 2008	6
577	8 2009	6
577	10 2010	6
577	12 2011	6
577	1 2013	6
577	6 2014	6
578	9 2007	6
578	3 2008	6
579	12 2007	6
580	4 2007	6
580	3 2008	6
580	3 2009	6
580	3 2010	6
580	10 2011	6
580	10 2012	6
582	11 2007	6
582	11 2008	6
583	1 2007	6
583	4 2008	6
584	10 2007	6
584	11 2008	6
584	12 2009	6
584	5 2011	6
585	1 2007	6
585	2 2008	6
585	1 2012	6
586	4 2005	6
586	4 2006	6
586	3 2007	6
586	3 2008	6
587	3 2004	6
587	6 2006	6
587	4 2008	6
587	10 2009	6
587	11 2011	6
587	5 2013	6
588	6 2006	6
588	10 2006	6
588	11 2007	6
588	10 2008	6
588	3 2010	6
588	9 2013	6
589	1 2008	6
589	3 2008	6
589	3 2009	6
589	3 2010	6
589	4 2011	6
590	5 2006	6
590	5 2007	6
590	5 2008	6
590	5 2009	6
590	5 2010	6
590	5 2011	6
590	5 2012	6
590	5 2013	6
591	4 2007	6
592	8 2007	6
592	5 2008	6
592	4 2009	6
592	4 2010	6
593	12 2007	6
593	6 2008	6
594	1 2008	6
594	1 2009	6
594	1 2010	6
594	3 2011	6
594	4 2012	6
594	4 2013	6
595	12 2007	6
595	12 2008	6
597	12 2007	6
597	12 2008	7.5
598	1 2008	6
598	3 2008	6
598	4 2009	6
599	10 1999	6
599	10 2000	6
599	8 2001	6
599	6 2002	6
599	4 2008	6
599	8 2009	6
599	8 2010	6
600	5 2006	6
600	5 2007	6
600	5 2008	6
600	5 2009	6
600	5 2010	6
600	5 2011	6
600	5 2012	6
600	5 2013	6
600	12 2014	6
601	4 2008	6
601	5 2011	6
601	5 2013	7
602	3 2008	6
602	4 2009	6
602	4 2010	6
602	5 2011	6
602	5 2012	6
602	8 2013	6
602	10 2015	6
603	2 2008	7.5
604	6 2007	6
604	9 2008	6
604	9 2009	6
604	10 2010	6
604	5 2012	6
604	3 2015	6
605	5 2006	6
605	8 2006	6
605	8 2007	6
605	8 2008	6
605	8 2009	6
605	8 2010	6
605	8 2011	6
605	10 2012	6
606	5 2007	6
606	4 2008	6
606	5 2009	6
606	11 2010	6
607	10 2003	6
607	2 2004	6
608	1 2007	6
608	5 2008	6
608	12 2009	6
608	1 2011	6
608	3 2012	6
608	4 2013	6
608	5 2014	6
609	11 2006	6
609	8 2008	6
609	8 2009	6
609	8 2010	6
610	2 2008	6
610	3 2009	7
611	1 2008	6
612	3 2008	6
612	5 2009	6
612	5 2010	6
613	4 2008	6
613	4 2009	7
614	5 2008	6
614	5 2009	6
614	5 2010	6
614	2 2012	6
614	9 2013	6
614	8 2014	6
615	4 2006	6
615	8 2008	6
615	2 2012	6
616	2 2008	6
616	1 2009	6
617	3 2008	6
617	8 2008	6
617	8 2009	6
618	5 2007	6
618	6 2008	6
618	6 2009	6
618	8 2010	6
618	10 2011	6
619	10 2007	6
619	12 2008	6
619	12 2009	6
619	1 2011	6
619	6 2012	6
619	6 2013	6
619	12 2014	6
620	5 2008	6
620	8 2009	6
620	11 2010	6
621	12 2007	6
621	1 2009	6
621	1 2010	6
621	2 2011	6
621	6 2012	6
621	1 2014	6
621	10 2015	7
622	10 2007	6
622	10 2008	6
622	10 2009	6
622	10 2010	6
622	11 2011	7
622	12 2012	7
623	4 2008	6
623	3 2009	6
624	4 2008	6
624	5 2009	6
624	5 2010	6
624	5 2011	6
625	3 2008	6
627	1 2008	6
627	3 2009	7
628	3 2008	6
629	5 2007	6
629	1 2008	6
629	8 2008	6
630	2 2008	6
630	1 2009	6
630	4 2010	6
630	2 2012	6
630	2 2013	6
630	3 2014	6
631	9 2007	6
631	8 2008	6
631	10 2009	6
631	10 2010	6
632	5 2008	6
632	6 2009	6
633	2 2008	6
633	11 2008	6
633	12 2009	6
633	9 2010	6
634	6 2008	6
634	4 2009	7
635	6 2008	6
635	8 2009	6
635	8 2010	6
635	2 2012	6
635	4 2013	6
635	5 2015	6
636	5 2007	6
636	1 2008	6
636	4 2009	6
637	10 2007	6
637	9 2008	6
638	5 2008	6
638	5 2009	6
638	8 2010	6
638	6 2011	6
638	8 2012	6
638	8 2013	6
638	8 2014	6
638	8 2015	6
639	6 2008	6
641	8 2008	6
641	8 2009	6
641	6 2010	6
641	10 2011	6
641	11 2012	6
641	11 2013	7
641	6 2014	6
642	12 2007	6
642	5 2009	6
642	8 2010	6
642	4 2012	6
642	4 2013	6
643	8 2007	6
643	9 2008	6
643	9 2009	6
643	9 2010	6
643	2 2012	6
643	5 2013	6
644	8 2008	6
644	1 2010	6
645	9 2008	6
645	12 2009	6
645	12 2010	6
645	1 2013	6
645	3 2014	6
646	5 2008	6
646	8 2009	6
646	6 2010	6
646	8 2011	6
646	8 2012	6
646	8 2013	6
646	8 2014	6
647	10 2008	6
647	9 2009	7
648	9 2006	6
648	10 2008	6
648	11 2009	6
648	1 2011	6
648	1 2012	6
648	2 2013	6
648	6 2014	6
649	8 2008	6
649	6 2009	8
650	5 2008	6
650	5 2009	6
650	6 2010	6
650	5 2011	6
650	6 2012	6
650	6 2013	6
650	10 2014	6
650	10 2015	6
651	3 2008	6
651	4 2009	6
651	6 2010	6
652	5 2008	6
652	5 2009	6
653	8 2008	6
653	11 2008	6
653	11 2009	6
653	11 2010	6
653	1 2012	6
653	1 2013	6
653	5 2015	6
654	9 2008	6
654	10 2009	6
655	6 2008	6
655	2 2009	6
655	2 2010	6
655	2 2011	6
655	2 2012	6
655	10 2012	7
656	6 2008	6
656	1 2010	6
656	10 2011	6
657	4 2008	6
658	8 2008	6
658	10 2009	6
658	10 2010	6
658	10 2011	6
659	8 2008	6
659	11 2009	6
660	8 2008	6
660	12 2008	6
660	12 2009	6
660	12 2010	6
660	2 2012	6
660	2 2014	6
660	5 2015	6
661	11 2006	6
661	1 2008	6
661	1 2009	6
661	3 2010	6
662	11 2008	6
662	12 2009	6
662	12 2010	6
662	5 2013	6
663	9 2008	6
663	9 2009	6
663	9 2010	6
663	3 2012	6
663	10 2013	6
664	11 2008	6
664	11 2009	6
664	11 2010	6
664	11 2011	6
664	9 2012	6
665	1 2008	6
665	2 2009	6
665	2 2010	6
665	2 2011	6
665	9 2012	6
665	11 2013	6
666	4 2008	6
666	4 2009	6
666	4 2010	6
666	4 2011	6
666	4 2013	6
667	8 2008	6
667	10 2008	6
667	10 2009	6
667	10 2010	6
667	6 2012	6
667	4 2014	7
668	8 2008	6
668	8 2009	6
668	8 2010	6
668	8 2011	6
668	8 2012	6
668	8 2013	6
669	6 2008	6
669	6 2009	6
670	3 2008	6
670	6 2009	6
671	11 2008	6
671	1 2010	7
672	10 2008	6
672	10 2009	6
672	8 2010	6
673	12 2008	6
674	12 2008	6
674	2 2010	6
674	2 2011	6
674	3 2012	6
674	5 2013	6
674	6 2014	7
674	6 2015	6
675	11 2008	6
675	3 2009	6
675	3 2010	6
675	3 2011	6
676	12 2008	6
676	1 2010	6
676	5 2012	6
677	10 2008	6
677	2 2009	6
678	12 2008	6
678	5 2013	6
680	12 2008	6
680	12 2009	6
680	12 2010	6
680	12 2011	6
680	12 2012	6
681	11 2008	6
681	10 2009	6
681	12 2010	6
681	10 2013	6
681	6 2015	7
682	8 2007	6
682	9 2008	6
682	9 2009	6
682	10 2010	6
682	10 2011	6
682	10 2012	6
684	11 2008	6
684	11 2009	6
684	11 2010	6
684	11 2011	6
685	1 2009	6
685	1 2010	7
686	12 2008	6
686	1 2010	6
686	1 2011	6
688	9 2008	6
688	9 2009	6
689	12 2008	6
689	4 2010	6
689	9 2009	6
690	12 2008	6
690	1 2010	6
690	9 2012	6
691	3 2006	6
691	4 2007	6
691	5 2008	6
691	5 2009	6
691	6 2010	6
692	10 2008	6
692	1 2010	6
692	2 2011	7.5
693	12 2008	6
693	12 2009	6
693	12 2010	6
694	12 2008	6
694	2 2010	6
695	9 2008	6
695	9 2009	6
695	10 2010	6
696	6 2008	6
696	9 2009	6
696	12 2010	6
697	10 2008	6
697	2 2009	6
697	3 2010	6
697	5 2011	6
697	5 2012	6
697	8 2014	6
698	3 2009	6
698	4 2010	6
698	4 2011	6
698	5 2012	6
698	5 2013	6
698	5 2014	6
699	11 2008	6
700	2 2009	6
700	10 2009	7
701	3 2009	6
701	3 2010	6
701	3 2011	6
702	2 2009	6
702	1 2010	6
702	3 2011	6
703	1 2008	6
703	5 2009	6
704	12 2008	6
704	12 2009	6
704	12 2010	6
704	8 2013	6
705	11 2008	6
705	11 2009	6
705	12 2010	6
705	12 2011	6
705	12 2012	6
705	5 2014	6
706	10 2008	6
706	11 2009	6
706	1 2011	6
706	1 2012	6
706	6 2013	6
707	2 2009	6
707	2 2010	6
707	3 2011	6
707	3 2012	6
707	9 2013	6
708	9 2008	6
708	9 2009	6
708	10 2010	6
708	9 2011	6
708	9 2012	6
708	9 2013	6
708	9 2014	6
709	2 2009	6
710	3 2009	6
710	3 2010	6
711	3 2009	6
711	3 2010	6
712	11 2008	6
712	1 2011	6
713	5 2008	6
713	5 2009	6
713	5 2010	6
713	5 2011	6
713	5 2012	6
714	2 2009	6
714	2 2010	6
714	2 2011	6
714	8 2012	6
714	3 2013	6
714	3 2015	6
715	3 2009	6
715	3 2010	6
715	4 2011	6
716	3 2009	6
716	3 2010	6
717	2 2009	6
717	2 2010	6
717	3 2011	6
717	3 2012	6
717	9 2013	6
717	9 2014	6
718	3 2009	6
718	6 2009	6
718	8 2010	6
718	8 2011	6
718	9 2012	6
718	9 2013	6
719	12 2008	6
719	1 2010	6
720	2 2009	6
720	3 2010	6
720	3 2011	6
720	4 2012	6
720	4 2013	6
720	4 2014	6
721	3 2009	6
721	3 2010	6
721	3 2011	6
721	4 2012	6
721	4 2013	6
722	11 2008	6
722	11 2009	6
722	11 2010	6
722	11 2011	6
723	10 2008	6
723	10 2009	6
723	11 2010	6
723	12 2011	6
723	11 2007	6
725	2 2009	6
726	2 2009	6
726	2 2010	6
726	2 2011	6
726	3 2012	6
726	4 2013	6
726	5 2014	6
727	1 2009	6
727	5 2010	6
727	5 2011	6
727	5 2012	7
728	3 2009	6
728	5 2010	6
728	5 2011	7
730	3 2009	6
730	4 2010	6
730	8 2011	6
730	6 2012	6
730	9 2013	6
730	9 2015	6
731	5 2009	6
731	10 2009	6
731	10 2010	6
731	5 2012	6
731	9 2014	6
733	2 2009	6
733	4 2010	6
733	4 2011	6
733	6 2012	6
733	5 2014	6
734	3 2008	6
734	5 2009	6
734	5 2010	6
734	5 2011	6
734	9 2012	6
735	4 2008	6
735	4 2009	6
736	5 2008	6
736	5 2009	6
736	8 2010	7
737	3 2008	6
737	3 2009	6
737	4 2010	6
737	5 2012	6
737	9 2015	6
738	1 2009	6
739	6 2009	6
740	3 2007	6
740	9 2009	6
740	9 2010	7
741	4 2007	6
741	6 2009	6
742	12 2008	6
742	12 2009	6
742	12 2010	6
742	11 2013	6
742	4 2015	6
743	3 2009	6
743	5 2010	6
743	5 2011	6
743	5 2012	6
743	3 2014	6
744	3 2009	6
744	4 2010	7
745	1 2009	6
745	1 2010	6
745	4 2011	6
745	5 2012	6
746	2 2009	6
746	5 2010	6
746	5 2011	9
747	12 2008	6
747	12 2009	6
747	12 2010	6
747	2 2012	7
748	1 2009	6
748	1 2010	6
748	1 2011	6
748	3 2012	6
749	6 2009	6
749	10 2010	7
750	6 2009	6
750	6 2010	6
752	5 2008	6
752	9 2008	6
752	9 2009	6
752	9 2010	6
752	9 2011	7
753	8 2008	6
753	10 2009	6
753	11 2010	6
753	2 2012	6
753	4 2013	6
753	5 2014	6
753	10 2015	6
754	4 2009	6
754	4 2010	7.5
756	5 2009	6
756	9 2010	6
756	8 2011	6
756	8 2013	6
757	6 2009	6
757	8 2010	6
757	8 2011	6
758	3 2009	6
758	3 2010	6
758	3 2011	6
759	4 2009	6
759	5 2010	6
759	5 2011	7
760	6 2009	6
760	3 2010	6
761	6 2005	6
761	6 2006	6
761	6 2007	6
761	6 2008	6
761	6 2009	6
761	6 2010	6
761	6 2011	6
761	6 2012	6
762	4 2009	6
762	5 2010	7
762	5 2011	6
762	9 2012	7
762	10 2013	8
763	6 2009	6
763	9 2009	6
763	10 2010	6
763	10 2011	6
763	2 2013	6
763	8 2014	6
764	4 2009	6
764	4 2010	6
765	3 2009	6
765	4 2010	6
765	5 2011	6
765	9 2011	6
766	6 2009	6
766	9 2010	6
767	4 2009	6
768	6 2009	6
768	5 2010	6
769	8 2008	6
769	6 2009	6
769	6 2010	6
769	5 2011	6
769	5 2012	6
770	11 2008	6
770	12 2009	6
770	12 2010	6
770	11 2011	6
770	10 2012	6
771	8 2009	6
771	6 2010	6
771	8 2011	6
771	6 2012	6
771	2 2014	6
771	3 2015	6
772	3 2009	6
772	4 2010	6
772	5 2012	6
772	5 2014	7.5
773	5 2009	6
773	6 2010	6
773	9 2011	6
773	5 2013	6
773	9 2014	6
773	9 2015	6
774	11 2008	6
774	10 2009	6
774	3 2011	6
774	5 2014	6
775	4 2009	6
775	4 2010	6
775	4 2011	6
775	4 2012	6
776	9 2009	6
777	9 2008	6
777	10 2009	6
777	10 2010	6
777	8 2011	6
777	10 2012	6
777	8 2013	6
777	8 2014	6
778	3 2009	6
778	10 2009	6
778	10 2010	6
778	2 2012	6
778	1 2013	6
778	5 2015	6
779	1 2008	6
779	6 2009	6
779	6 2010	6
779	6 2011	6
780	4 2009	6
780	4 2010	6
781	8 2009	6
781	3 2010	6
781	3 2011	6
782	3 2009	6
782	3 2010	6
782	3 2011	6
782	3 2012	6
782	9 2013	6
783	5 2009	6
783	5 2010	10
784	9 2009	6
784	9 2010	6
784	9 2011	6
784	3 2013	6
784	4 2014	6
786	5 2009	6
786	5 2010	6
786	5 2011	6
786	1 2013	6
787	5 2009	6
787	2 2010	6
787	12 2010	6
789	1 2009	6
789	3 2010	6
789	3 2011	6
789	3 2015	7
790	6 2009	6
790	1 2010	6
790	1 2011	6
790	2 2012	6
790	1 2013	6
792	2 2005	6
792	2 2006	6
792	2 2007	6
792	3 2008	6
792	10 2015	9
793	9 2009	6
793	10 2010	6
793	10 2011	6
793	5 2013	6
794	11 2009	6
794	12 2010	7
795	9 2009	6
795	6 2011	6
795	8 2012	6
795	5 2014	6
795	12 2015	6
796	11 2009	6
796	11 2010	7
797	9 2009	6
797	9 2010	6
797	9 2011	6
797	1 2013	6
797	12 2013	7.5
798	8 2009	6
798	8 2010	6
798	11 2013	7
799	11 2009	6
799	5 2011	6
799	5 2012	6
800	12 2009	6
800	12 2010	7
801	10 2009	6
801	10 2010	6
801	10 2011	6
801	10 2012	6
802	6 2007	6
802	5 2008	6
802	6 2009	6
802	6 2010	6
802	3 2011	6
802	5 2012	6
803	6 2009	6
803	3 2010	6
804	2 2008	6
804	2 2009	6
804	2 2010	6
805	11 2009	6
805	1 2011	6
805	1 2012	6
805	1 2013	6
805	2 2015	6
806	9 2009	6
806	3 2011	6
807	11 2009	6
807	11 2010	6
807	11 2011	6
807	11 2012	6
807	11 2013	7.5
808	10 2009	6
808	1 2011	6
809	1 2007	6
809	4 2009	6
809	8 2010	6
809	10 2011	6
810	8 2009	6
810	11 2010	6
810	2 2012	6
810	3 2013	6
810	12 2014	6
811	9 2008	6
811	2 2010	6
811	1 2011	6
812	4 2009	6
812	3 2011	6
812	5 2012	6
812	5 2013	6
812	5 2014	6
812	5 2015	6
813	2 2006	6
814	10 2009	6
814	10 2010	6
814	10 2011	6
814	11 2012	7
815	5 2009	6
815	6 2010	6
815	11 2013	6
816	3 2009	6
816	4 2010	6
816	4 2011	6
816	4 2012	6
816	1 2014	6
817	12 2009	6
817	12 2010	6
818	5 2009	6
818	5 2010	6
818	5 2011	6
818	6 2012	7
819	1 2007	6
819	6 2009	6
819	10 2010	6
819	11 2011	6
820	12 2009	6
820	12 2010	6
820	6 2012	6
821	8 2008	6
821	8 2009	6
821	8 2010	6
821	8 2011	6
821	9 2012	6
821	9 2013	6
821	9 2014	6
822	2 2010	6
822	3 2011	6
822	3 2012	6
822	5 2013	6
822	1 2015	6
823	11 1998	4
823	4 1999	6
824	5 2009	6
824	4 2010	6
824	4 2011	6
824	4 2012	6
824	4 2013	6
825	6 2008	6
825	6 2010	7
827	3 2009	6
827	6 2009	6
827	5 2010	6
827	5 2011	6
827	5 2012	6
827	5 2013	6
827	5 2014	6
827	5 2015	7.5
828	3 2010	6
828	4 2011	6
828	3 2012	9
829	2 2010	6
829	3 2011	6
829	4 2012	6
829	4 2014	6
830	1 2010	6
830	2 2011	6
831	5 2009	6
831	4 2010	6
831	4 2011	6
831	4 2012	6
831	4 2013	6
831	4 2014	6
831	10 2015	6
832	3 2009	6
832	4 2010	6
832	4 2011	7
833	1 2009	6
833	4 2009	6
833	5 2010	6
834	3 2010	6
834	4 2011	6
834	5 2012	6
834	5 2013	6
835	1 2009	6
835	5 2010	6
836	12 2009	6
836	10 2010	7.5
837	4 2008	6
837	4 2009	6
837	5 2010	6
837	8 2011	6
838	9 2006	6
838	6 2007	6
838	5 2008	6
838	5 2009	6
838	8 2010	6
838	9 2011	6
839	5 2010	6
839	5 2011	6
839	4 2015	7.5
840	1 2010	6
840	1 2011	6
840	5 2012	6
840	9 2013	6
840	12 2014	6
841	5 2009	6
841	5 2010	7
842	8 2007	6
842	11 2007	6
842	10 2008	6
842	11 2009	6
842	11 2010	6
842	5 2012	6
843	5 2009	6
843	6 2010	6
844	1 2009	6
845	1 2010	6
846	6 2009	6
846	2 2011	6
846	3 2012	6
846	6 2013	6
847	3 2010	6
847	2 2011	6
847	4 2012	6
847	2 2013	6
847	8 2014	6
849	6 2009	6
849	9 2010	6
849	10 2011	6
849	5 2013	6
849	6 2015	6
850	2 2009	6
850	2 2010	6
850	3 2011	6
850	3 2012	6
850	3 2013	6
850	3 2014	6
850	4 2015	6
851	5 2010	6
851	5 2011	6
851	5 2012	6
851	8 2013	6
851	1 2015	6
852	11 2009	6
852	11 2010	6
852	3 2012	6
853	5 2007	6
853	6 2008	6
853	9 2009	6
853	1 2011	6
853	5 2012	6
853	8 2014	6
854	1 2010	6
854	1 2011	6
854	1 2012	6
854	1 2013	6
855	1 2010	6
855	2 2011	6
855	3 2012	6
855	4 2013	6
855	6 2014	6
856	1 2010	6
856	5 2010	6
856	8 2011	6
856	4 2013	6
856	10 2014	6
859	6 2010	6
859	5 2011	6
859	5 2012	6
860	5 2010	6
860	5 2011	6
860	6 2012	7.5
861	2 2002	6
861	5 2003	6
861	6 2004	6
861	2 2006	6
861	3 2009	6
861	8 2010	6
862	10 1999	6
863	6 2009	6
863	8 2011	6
863	10 2012	6
864	3 2007	6
864	12 2010	6
864	12 2011	6
867	1 2009	6
867	2 2010	6
868	2 2010	6
868	3 2011	7
871	6 2008	6
871	2 2009	6
871	5 2010	6
871	9 2011	6
871	9 2012	6
871	10 2013	6
871	9 2015	6
872	4 2010	6
872	4 2011	6
872	4 2012	6
873	3 2010	6
873	5 2011	6
873	6 2012	7.5
874	12 2009	6
874	1 2011	6
874	1 2012	6
874	1 2013	6
874	8 2014	6
874	10 2015	6
875	5 2010	6
875	5 2011	6
875	8 2013	6
876	5 2010	6
876	5 2011	6
876	5 2012	6
876	5 2013	6
877	9 2009	6
877	10 2010	6
878	9 2005	6
878	2 2009	6
878	2 2010	6
878	4 2011	6
878	4 2013	7
879	6 2010	6
879	1 2011	6
879	1 2012	6
879	1 2013	6
879	1 2014	6
879	1 2015	6
880	4 2009	6
880	5 2010	6
881	5 2010	6
881	8 2010	6
881	9 2011	6
881	11 2012	6
881	10 2013	6
881	5 2015	6
882	11 2009	6
882	1 2011	6
882	8 2012	6
882	5 2013	6
884	5 2008	6
884	8 2009	6
884	11 2010	6
884	11 2011	6
884	11 2012	6
885	2 2010	6
885	2 2011	7
886	6 2010	6
886	9 2011	6
886	9 2012	6
886	10 2013	6
886	1 2015	7
887	5 2010	6
887	5 2012	6
888	5 2008	6
888	2 2010	6
888	2 2011	6
888	8 2012	6
888	10 2014	8
889	6 2009	6
889	8 2010	6
889	10 2011	9
890	2 2010	6
890	8 2010	6
890	9 2011	6
890	1 2013	6
890	1 2014	6
891	5 2010	6
891	5 2011	6
891	11 2013	6
891	12 2014	6
892	4 2010	6
892	8 2011	7
893	4 2009	6
893	1 2010	6
893	3 2011	6
893	4 2012	6
893	4 2013	6
893	5 2015	7
894	6 2010	6
894	5 2011	6
894	5 2012	6
894	1 2014	6
894	2 2015	6
895	2 2009	6
895	12 2009	6
895	11 2010	6
895	10 2011	6
895	11 2012	6
895	5 2014	6
895	1 2015	6
896	4 2010	6
896	11 2010	6
896	12 2011	6
896	3 2013	6
896	3 2014	6
896	4 2015	6
897	8 2010	6
897	11 2011	6
898	9 2010	6
898	11 2011	6
898	12 2012	6
899	6 2010	6
899	8 2011	6
899	11 2012	6
899	10 2013	6
899	3 2015	6
900	8 2010	6
900	9 2011	6
900	11 2012	6
900	12 2013	6
901	5 2010	6
901	12 2010	6
901	2 2012	6
903	6 2010	6
903	1 2015	6
904	3 2009	6
904	10 2009	6
904	9 2010	6
904	11 2011	6
904	5 2014	6
905	6 2009	6
905	9 2010	6
905	9 2011	6
905	3 2013	6
905	5 2014	6
905	8 2015	6
906	8 2010	6
906	5 2011	6
906	5 2012	6
907	2 2009	6
907	11 2010	6
908	5 2010	6
908	9 2011	6
909	9 2010	6
910	11 2009	6
910	11 2010	6
910	1 2012	6
910	10 2013	6
910	12 2014	6
911	5 2009	6
911	8 2010	6
911	2 2012	6
911	2 2013	6
912	4 2010	6
912	3 2011	7
913	12 2009	6
913	12 2010	6
913	11 2011	6
914	5 2010	6
914	5 2011	6
915	3 2010	6
915	1 2011	6
916	4 2010	6
916	4 2011	6
916	4 2012	6
917	6 2010	6
917	6 2011	6
917	6 2012	6
918	3 2010	6
919	2 2010	6
919	12 2010	6
920	6 2010	6
920	6 2011	6
921	9 2010	6
922	9 2010	6
922	9 2011	7
923	10 2010	6
924	10 2010	6
925	5 2010	6
925	5 2011	6
925	5 2012	6
926	5 2010	6
927	11 2010	6
927	12 2011	6
927	1 2013	6
928	8 2009	6
928	9 2010	6
928	1 2012	6
928	4 2013	6
928	4 2014	6
928	5 2015	6
929	9 2010	6
929	11 2010	6
929	1 2012	6
929	1 2013	6
929	9 2014	6
930	5 2010	6
930	5 2011	6
930	6 2012	7
931	9 2010	6
931	10 2011	6
931	11 2012	6
931	1 2014	6
931	3 2015	6
932	3 2010	6
932	8 2012	7
934	1 2011	6
934	12 2011	6
934	12 2012	6
934	1 2014	6
935	8 2010	6
935	8 2011	6
935	8 2012	6
935	9 2013	6
935	11 2014	7
936	6 2010	6
937	10 2010	6
937	4 2011	6
938	8 2007	6
939	2 2009	6
939	8 2010	6
939	8 2011	6
939	10 2012	6
939	10 2013	6
939	11 2015	6
940	4 2010	6
940	6 2011	6
941	3 2010	7
941	2 2011	8
942	1 2010	6
942	3 2011	6
942	3 2012	6
943	3 2010	6
943	3 2011	6
943	6 2012	7
944	11 2010	6
944	1 2012	6
944	1 2013	6
945	4 2005	6
945	6 2006	6
945	9 2007	6
945	8 2008	6
945	5 2009	6
945	5 2010	6
945	5 2011	6
945	5 2012	6
945	5 2013	6
945	5 2014	6
945	10 2015	6
946	5 2010	6
946	6 2011	6
946	9 2012	7.5
947	2 2011	6
947	4 2012	6
947	5 2013	6
947	5 2014	6
947	5 2015	6
948	3 2011	6
948	5 2012	6
949	1 2011	6
949	1 2012	6
950	10 2009	6
950	10 2010	6
950	9 2011	6
950	10 2012	6
950	11 2013	6
950	11 2014	6
950	11 2015	6
951	1 2011	6
951	1 2012	6
951	8 2013	6
951	5 2015	7
952	5 2010	6
952	4 2011	6
952	5 2012	6
952	5 2013	6
952	5 2014	6
953	2 2011	6
953	3 2012	6
953	1 2014	6
953	1 2015	6
954	12 2008	6
954	8 2010	6
954	10 2012	6
955	2 2010	6
955	2 2011	6
955	3 2012	6
955	3 2013	6
955	2 2014	6
955	3 2015	6
956	10 2010	6
956	4 2012	6
956	6 2014	7.5
957	11 2010	6
957	5 2011	6
957	5 2012	6
957	5 2014	6
957	11 2015	6
958	1 2011	6
958	1 2012	6
958	1 2013	7.5
960	10 2009	6
960	10 2013	7
961	5 2010	6
961	6 2011	6
961	2 2013	6
962	12 2010	6
962	2 2012	6
962	5 2013	6
962	10 2014	6
963	10 2010	6
963	1 2012	6
963	12 2012	6
963	1 2014	6
963	3 2015	6
964	12 2010	6
964	12 2011	6
965	12 2010	6
965	4 2012	6
965	2 2014	6
966	11 2010	6
967	9 2010	6
967	9 2011	6
967	10 2012	6
967	11 2013	6
967	10 2014	6
967	11 2015	6
968	8 2010	6
969	1 2011	6
969	1 2012	7.5
970	9 2010	6
970	1 2011	6
970	3 2012	6
970	9 2013	6
970	10 2015	6
973	8 2009	6
973	9 2010	6
973	11 2012	6
974	3 2011	6
974	5 2012	6
974	5 2013	6
975	2 2011	6
975	5 2012	6
975	5 2013	7
976	2 2011	6
976	2 2012	6
977	1 2011	6
977	1 2012	6
977	6 2013	6
977	10 2014	7
978	3 2011	6
978	3 2012	6
978	5 2013	6
978	8 2014	6
979	1 2011	6
979	1 2012	6
979	1 2013	6
980	12 2010	6
980	5 2012	7.5
981	4 2011	6
981	4 2012	6
981	4 2013	6
981	4 2015	6
982	1 2011	6
982	1 2012	6
982	2 2013	6
982	2 2014	6
982	3 2015	6
983	1 2011	6
983	12 2011	6
983	11 2012	6
984	4 2011	6
984	4 2012	6
984	4 2013	6
984	4 2014	6
985	4 2010	6
985	10 2011	6
985	11 2012	6
985	2 2014	6
985	9 2015	6
986	2 2011	6
986	5 2013	7.5
987	10 2010	6
987	11 2011	6
987	5 2013	6
987	1 2015	6
988	11 2010	6
988	10 2011	7
989	5 2011	6
989	5 2012	7
990	5 2011	6
991	5 2011	6
991	5 2012	6
991	5 2013	8
992	1 2011	6
992	1 2012	6
992	3 2013	6
993	3 2011	6
993	2 2012	6
993	2 2013	6
993	4 2014	6
994	3 2011	6
994	2 2012	6
994	3 2013	6
994	6 2014	6
995	5 2011	6
995	4 2012	6
995	4 2013	6
995	4 2014	6
996	1 2011	6
996	2 2012	6
996	2 2013	6
996	2 2014	6
996	2 2015	6
997	2 2011	6
997	9 2011	6
998	11 2009	6
998	1 2011	6
999	5 2010	6
999	5 2011	6
999	1 2013	6
999	4 2014	6
1000	5 2011	6
1001	5 2011	6
1001	6 2012	6
1001	6 2013	7
1002	5 2011	6
1002	11 2011	6
1002	1 2013	6
1002	2 2014	6
1003	5 2011	6
1003	2 2013	6
1004	3 2011	6
1005	4 2009	6
1005	4 2010	6
1005	8 2011	6
1005	9 2012	6
1005	5 2014	6
1005	12 2015	6
1006	8 2011	6
1006	12 2012	6
1006	2 2014	7
1007	3 2011	6
1007	3 2012	6
1008	2 2011	6
1008	5 2012	6
1009	6 2011	6
1009	6 2012	8
1010	5 2011	6
1010	5 2012	6
1011	5 2011	6
1011	5 2012	6
1011	9 2014	6
1012	1 2010	6
1012	10 2010	6
1012	11 2011	6
1013	9 2007	6
1013	9 2008	6
1013	10 2009	6
1013	10 2010	6
1013	10 2011	6
1013	10 2012	6
1013	10 2014	6
1014	8 2011	6
1014	12 2011	6
1015	12 2010	6
1015	1 2012	6
1016	12 2009	6
1016	2 2011	6
1016	3 2012	6
1016	3 2015	6
1018	8 2011	6
1018	9 2012	6
1019	12 2009	6
1019	4 2011	6
1019	1 2013	6
1019	11 2014	6
1020	6 2011	6
1020	3 2013	6
1020	6 2014	6
1020	10 2015	6
1021	9 2011	6
1021	2 2012	6
1021	4 2013	6
1021	4 2014	6
1022	8 2007	6
1022	12 2008	6
1022	5 2009	6
1022	8 2010	7
1022	9 2011	8
1023	12 2011	6
1023	12 2012	6
1023	3 2011	6
1023	1 2014	6
1023	8 2015	6
1024	8 2011	6
1024	9 2012	6
1025	9 2011	6
1025	8 2012	6
1025	9 2013	6
1025	9 2014	6
1025	9 2015	7
1026	8 2011	6
1026	9 2012	6
1026	10 2013	6
1026	10 2014	6
1027	6 2011	6
1027	6 2012	6
1028	5 2003	6
1029	6 2011	6
1029	6 2012	7.5
1030	6 2011	6
1030	8 2012	6
1031	10 2011	6
1031	1 2013	6
1031	1 2014	6
1031	2 2015	6
1032	8 2010	6
1032	9 2011	6
1032	9 2012	6
1032	9 2013	6
1033	6 2011	6
1033	8 2012	6
1034	6 2009	6
1034	8 2010	6
1034	10 2011	6
1034	12 2012	6
1034	10 2013	6
1034	10 2014	6
1034	10 2015	6
1036	9 2011	6
1036	9 2012	6
1036	5 2013	6
1037	3 2011	6
1037	3 2012	6
1038	10 2011	6
1038	9 2012	6
1038	9 2013	6
1038	9 2014	6
1038	12 2015	6
1039	11 2011	6
1039	1 2013	6
1039	3 2015	6
1040	8 2011	6
1040	9 2012	6
1041	5 2011	6
1041	1 2012	6
1041	1 2014	6
1043	1 2012	6
1043	9 2012	7
1044	12 2011	6
1044	12 2012	6
1044	12 2013	6
1044	11 2015	6
1045	8 2011	6
1045	9 2012	6
1045	4 2015	6
1046	9 2007	6
1046	6 2007	6
1046	11 2008	6
1046	12 2009	6
1046	3 2011	6
1046	3 2012	6
1047	1 2012	6
1047	4 2013	6
1047	5 2014	6
1048	11 2011	6
1048	10 2012	7
1049	10 2011	6
1049	12 2012	6
1050	2 2011	6
1050	4 2012	6
1050	4 2014	6
1050	11 2015	6
1051	10 2011	6
1051	11 2012	6
1052	4 2011	6
1052	5 2012	6
1053	5 2011	6
1054	8 2010	6
1054	3 2012	7.5
1055	12 2011	6
1055	11 2012	6
1055	10 2013	6
1055	10 2014	6
1056	10 2010	6
1056	3 2012	6
1056	5 2014	6
1057	1 2012	6
1057	1 2013	6
1059	5 2011	6
1059	5 2012	6
1059	5 2013	6
1059	5 2014	6
1059	6 2015	6
1060	9 2011	6
1060	10 2012	7
1061	1 2012	6
1062	8 2011	6
1062	8 2012	6
1062	8 2013	6
1062	9 2014	6
1062	9 2015	6
1063	12 2011	6
1063	6 2012	7.5
1065	1 2012	6
1065	1 2013	6
1066	11 2011	6
1066	10 2012	6
1066	11 2014	6
1067	5 2011	6
1067	5 2012	7
1068	6 2011	6
1068	9 2012	6
1068	9 2013	6
1068	1 2015	6
1069	6 2011	6
1069	10 2012	6
1069	10 2013	6
1069	12 2014	6
1070	2 2011	6
1070	3 2012	6
1070	12 2013	6
1071	5 2011	6
1071	10 2013	6
1072	2 2012	6
1072	2 2013	6
1072	3 2014	7
1072	3 2015	6
1073	12 2011	6
1073	1 2013	6
1073	2 2014	6
1073	10 2014	6
1074	12 2010	6
1074	1 2012	6
1075	12 2005	6
1075	5 2009	6
1075	4 2012	6
1076	1 2012	6
1076	1 2013	7.5
1077	12 2011	6
1078	12 2011	6
1078	11 2012	6
1079	11 2011	6
1079	3 2012	6
1080	9 2011	6
1080	4 2013	6
1080	4 2014	6
1080	5 2015	6
1082	10 2010	6
1082	12 2010	6
1082	12 2011	6
1082	12 2012	6
1082	12 2013	7
1083	8 2011	6
1083	8 2012	6
1083	3 2014	6
1083	11 2015	6
1085	4 2012	6
1086	4 2012	6
1086	4 2013	6
1086	4 2014	6
1086	5 2015	6
1087	5 2012	6
1087	5 2013	8
1089	3 2012	6
1089	3 2013	6
1089	3 2014	6
1089	3 2015	7.5
1090	4 2012	6
1090	5 2013	6
1090	5 2014	6
1091	12 2011	6
1091	1 2013	7
1092	9 2011	6
1092	8 2012	7
1093	6 2012	6
1093	8 2013	6
1093	9 2014	6
1094	1 2012	6
1094	2 2013	6
1094	3 2014	6
1095	12 2010	6
1095	12 2011	6
1095	11 2012	6
1095	12 2013	6
1095	12 2014	6
1096	3 2012	6
1096	12 2012	6
1096	12 2013	7
1096	8 2015	6
1097	1 2012	6
1097	5 2013	6
1097	9 2014	6
1099	4 2012	6
1099	6 2013	6
1099	8 2014	6
1099	8 2015	6
1100	10 2011	6
1100	12 2012	6
1100	12 2013	6
1100	1 2015	6
1102	6 2011	6
1102	6 2012	6
1103	10 2011	6
1103	10 2012	6
1103	10 2013	6
1103	12 2014	6
1104	4 2006	6
1104	5 2012	6
1104	6 2013	6
1105	5 2012	6
1105	12 2013	6
1105	11 2014	6
1106	4 2012	6
1106	6 2013	6
1106	8 2014	6
1106	8 2015	6
1107	1 2012	6
1107	1 2013	7
1108	12 2011	6
1108	12 2012	7
1109	10 2011	6
1109	9 2012	7
1110	5 2011	6
1110	12 2012	6
1111	10 2011	6
1112	3 2012	6
1112	5 2013	6
1112	6 2014	6
1112	10 2015	6
1113	10 2011	6
1113	11 2012	6
1113	11 2013	6
1113	12 2014	6
1114	6 2012	6
1114	8 2013	7
1115	11 2011	6
1115	3 2012	6
1115	3 2013	6
1115	5 2014	6
1116	4 2005	6
1116	6 2005	6
1116	3 2009	6
1116	5 2011	6
1117	4 2012	6
1117	4 2013	6
1117	4 2014	6
1117	3 2015	6
1118	5 2012	6
1118	6 2013	6
1118	5 2014	7
1119	5 2012	6
1119	4 2013	6
1120	5 2011	6
1120	9 2012	6
1120	3 2013	6
1121	8 2011	6
1121	8 2012	6
1121	9 2013	6
1121	9 2014	6
1121	9 2015	6
1122	2 2012	6
1122	2 2013	6
1122	4 2014	6
1122	4 2015	6
1123	4 2012	6
1123	4 2013	6
1123	6 2014	6
1123	6 2015	6
1125	8 2010	6
1125	8 2011	6
1125	8 2012	6
1125	9 2013	6
1126	5 2012	6
1126	8 2013	6
1126	11 2014	6
1126	12 2015	6
1127	12 2010	6
1127	12 2011	6
1127	1 2013	6
1127	12 2014	6
1129	1 2012	6
1129	5 2013	6
1130	3 2012	6
1130	11 2010	6
1130	5 2013	6
1130	8 2014	7.5
1131	3 2012	6
1131	1 2013	7
1132	4 2012	6
1132	5 2013	6
1133	5 2012	6
1133	8 2012	6
1133	8 2013	6
1133	8 2015	6
1134	1 2010	6
1134	4 2011	6
1134	9 2012	6
1134	2 2014	6
1134	8 2015	6
1136	4 2012	6
1136	5 2013	6
1136	5 2014	6
1137	5 2012	6
1137	5 2013	6
1138	8 2012	6
1138	9 2013	6
1138	2 2015	6
1139	5 2012	6
1139	6 2013	6
1139	6 2014	6
1139	6 2015	6
1140	5 2012	6
1140	4 2013	7
1141	10 2012	6
1141	9 2013	6
1141	4 2015	6
1142	8 2012	6
1142	6 2013	6
1142	5 2014	6
1143	1 2012	6
1143	2 2013	6
1143	2 2014	6
1143	3 2015	6
1144	11 2012	6
1144	11 2013	6
1144	2 2015	7
1145	8 2012	6
1145	9 2013	6
1146	3 2011	6
1146	5 2012	6
1146	5 2014	6
1147	5 2012	6
1147	5 2013	6
1147	6 2014	6
1148	10 2011	6
1148	12 2012	6
1150	8 2012	6
1150	2 2013	6
1150	3 2014	6
1150	9 2015	6
1151	9 2012	6
1151	6 2013	7
1153	9 2012	6
1153	10 2013	7
1154	8 2012	6
1154	10 2013	6
1154	1 2015	6
1155	8 2012	6
1155	11 2013	6
1155	3 2015	6
1157	5 2012	6
1158	5 2012	6
1158	5 2013	6
1158	5 2014	6
1159	2 2012	6
1159	2 2013	6
1161	6 2012	6
1162	2 2012	6
1162	1 2015	6
1163	2 2012	6
1163	2 2013	6
1164	3 2012	6
1164	3 2013	6
1165	4 2012	6
1165	4 2013	6
1165	4 2014	6
1166	4 2011	6
1166	5 2012	6
1166	5 2013	6
1166	6 2014	6
1167	5 2012	6
1167	5 2013	6
1167	5 2014	6
1168	10 2012	6
1168	10 2013	7.5
1169	1 2013	6
1169	12 2013	8
1170	12 2012	6
1170	12 2013	7
1171	11 2012	6
1171	1 2014	6
1171	1 2015	6
1172	4 2008	6
1172	4 2009	6
1172	3 2011	6
1172	4 2014	6
1173	6 2012	6
1173	11 2013	6
1173	10 2014	6
1173	11 2015	6
1174	11 2010	6
1174	2 2012	6
1174	4 2013	6
1174	8 2014	6
1174	8 2015	6
1175	8 2012	6
1175	5 2014	6
1175	5 2015	6
1176	1 2013	6
1176	3 2014	6
1178	12 2012	6
1178	12 2013	6
1178	12 2014	6
1179	8 2011	6
1179	10 2012	7
1180	1 2013	6
1180	1 2014	6
1180	1 2015	6
1181	10 2011	6
1181	1 2012	6
1183	10 2011	6
1183	5 2012	6
1184	10 2007	6
1184	4 2009	6
1184	4 2011	6
1184	10 2012	6
1184	10 2013	6
1184	12 2014	7
1185	11 2012	6
1185	11 2013	7
1186	12 2011	6
1186	12 2012	7
1187	5 2012	6
1187	8 2013	8
1189	8 2012	6
1189	10 2013	6
1189	10 2014	7.5
1191	12 2011	6
1191	6 2012	6
1191	2 2013	6
1191	1 2014	6
1192	6 2009	6
1192	12 2010	6
1192	8 2013	7
1193	10 2005	6
1193	8 2007	6
1193	4 2009	6
1193	1 2012	6
1193	2 2014	6
1194	4 2011	6
1194	1 2013	6
2000	6 2012	6
2000	5 2013	6
2001	3 2013	6
2001	9 2013	6
2002	8 2012	6
2002	8 2013	6
2002	8 2014	6
2002	8 2015	6
2003	4 2012	6
2003	4 2013	6
2003	5 2014	6
2004	3 2012	6
2004	4 2013	6
2004	4 2014	6
2005	2 2012	6
2005	4 2013	6
2005	6 2014	6
2005	8 2015	6
2006	1 2012	6
2006	1 2013	6
2006	3 2014	6
2008	4 2013	6
2008	8 2014	7.5
2009	2 2013	6
2009	5 2014	6
2010	6 2012	6
2010	11 2013	6
2010	11 2014	6
2011	8 2012	6
2011	8 2013	7.5
2012	4 2013	6
2012	5 2014	6
2013	11 2012	6
2013	6 2014	7.5
2014	1 2013	6
2014	4 2013	6
2014	4 2014	6
2014	12 2014	7
2015	4 2013	6
2016	1 2013	6
2016	5 2014	7.5
2017	3 2011	6
2017	4 2012	6
2017	5 2013	6
2017	10 2014	6
2018	4 2013	6
2018	4 2014	6
2019	4 2013	6
2019	12 2014	6
2020	6 2012	6
2020	8 2013	6
2020	9 2014	6
2020	9 2015	6
2021	12 2012	6
2021	1 2014	6
2022	8 2011	6
2022	4 2013	6
2022	4 2014	6
2023	3 2013	6
2023	4 2014	7
2024	1 2013	6
2024	5 2014	6
2024	5 2015	6
2025	4 2013	6
2025	5 2014	6
2025	6 2015	6
2026	3 2013	6
2026	3 2014	6
2026	1 2015	6
2028	9 2012	6
2028	9 2013	6
2029	2 2013	6
2030	5 2013	6
2030	5 2014	6
2030	5 2015	6
2031	2 2013	6
2031	2 2014	6
2032	1 2013	6
2032	2 2014	6
2033	9 2011	6
2033	9 2012	6
2033	9 2013	6
2033	9 2014	6
2034	3 2013	6
2034	4 2014	6
2034	4 2015	6
2035	5 2011	6
2035	5 2012	6
2035	5 2013	6
2035	3 2014	6
2036	6 2009	6
2036	8 2010	6
2036	8 2011	6
2036	8 2012	6
2036	8 2013	6
2036	8 2014	6
2037	5 2011	6
2037	6 2012	6
2037	8 2013	6
2037	6 2014	7.5
2038	8 2012	6
2038	8 2013	6
2039	6 2011	6
2039	8 2012	6
2039	8 2013	6
2040	2 2013	6
2041	5 2006	6
2041	10 2012	6
2041	2 2013	6
2041	2 2014	6
2041	4 2015	7.5
2042	9 2012	6
2042	11 2013	6
2043	3 2013	6
2043	2 2014	6
2044	4 2013	6
2044	4 2014	6
2045	5 2013	6
2045	4 2015	6
2047	3 2013	6
2047	10 2013	7
2048	4 2013	6
2048	5 2014	6
2048	8 2015	6
2049	3 2013	6
2049	6 2014	9
2050	8 2012	6
2050	8 2013	6
2050	8 2014	6
2050	11 2015	6
2052	1 2013	7
2052	9 2014	6
2052	9 2015	6
2053	4 2013	6
2053	11 2013	6
2053	6 2015	6
2054	5 2013	6
2054	4 2014	6
2054	3 2015	6
2055	4 2013	6
2055	9 2015	6
2056	8 2011	6
2056	8 2012	6
2056	8 2013	6
2056	9 2014	6
2056	9 2015	6
2057	6 2013	6
2057	6 2015	6
2058	5 2013	6
2058	5 2014	6
2059	1 2013	7
2059	10 2013	7
2060	1 2010	6
2060	5 2011	6
2060	3 2013	6
2060	3 2014	6
2060	4 2015	6
2061	11 2012	6
2061	2 2014	6
2062	12 2012	6
2062	12 2013	6
2063	9 2012	6
2063	9 2013	6
2063	9 2014	6
2064	8 2009	6
2064	11 2010	6
2064	4 2012	6
2064	4 2013	6
2064	8 2014	6
2066	1 2011	6
2066	3 2013	6
2066	1 2014	6
2066	2 2015	7.5
2067	11 2011	6
2067	9 2013	6
2068	4 2013	6
2068	4 2014	6
2068	5 2015	6
2069	4 2014	6
2069	2 2013	6
2069	4 2011	6
2069	5 2015	6
2070	3 2012	6
2070	8 2013	6
2070	2 2015	6
2070	12 2015	6
2071	10 2012	6
2071	12 2013	6
2072	12 2007	6
2072	3 2011	6
2072	5 2012	6
2072	5 2013	6
2072	5 2014	6
2074	5 2008	6
2074	5 2009	6
2074	8 2010	6
2074	4 2012	6
2075	4 2013	6
2075	5 2014	6
2075	6 2015	6
2077	10 2011	6
2077	11 2012	6
2077	5 2014	6
2078	5 2006	6
2078	10 2012	6
2078	11 2013	7
2079	11 2009	6
2079	5 2013	6
2082	8 2009	6
2082	9 2009	6
2082	11 2010	6
2082	12 2012	6
2082	5 2014	6
2085	1 2012	6
2085	1 2013	7
2086	10 2011	6
2086	1 2013	6
2086	12 2015	6
2087	10 2011	6
2087	10 2012	6
2087	10 2013	6
2087	11 2014	6
2088	3 2011	6
2088	3 2012	6
2088	4 2013	6
2089	12 2010	6
2089	10 2011	6
2089	8 2012	6
2089	9 2013	6
2089	11 2014	6
2090	1 2013	6
2090	12 2013	6
2091	5 2013	6
2091	4 2014	6
2094	11 2012	6
2094	10 2013	6
2094	12 2014	6
2095	2 2013	6
2095	1 2015	6
2096	5 2013	6
2096	5 2014	6
2096	8 2015	7
2097	8 2013	6
2097	4 2014	6
2097	10 2015	6
2098	3 2013	6
2098	12 2013	6
2099	1 2011	6
2099	6 2012	6
2099	9 2013	6
2100	8 2013	6
2101	12 2012	6
2102	5 2013	6
2102	10 2014	6
2103	6 2013	6
2103	4 2014	6
2104	4 2013	6
2104	4 2014	6
2106	5 2011	6
2106	5 2012	6
2106	6 2014	6
2107	9 2009	6
2107	9 2010	6
2107	8 2011	6
2107	8 2012	6
2107	9 2013	6
2107	10 2014	6
2107	10 2015	6
2108	9 2005	6
2108	12 2007	6
2108	5 2012	6
2108	5 2013	6
2108	5 2014	7
2109	2 2005	6
2109	2 2006	6
2109	5 2007	6
2109	5 2008	6
2109	5 2009	6
2109	5 2010	6
2109	5 2011	7
2109	8 2012	7
2110	5 2011	6
2110	3 2013	6
2110	3 2015	6
2112	8 2013	6
2112	12 2013	7
2113	8 2013	6
2115	6 2012	6
2115	10 2013	7
2118	12 2011	6
2118	12 2013	7
2119	3 2004	6
2119	10 2004	6
2119	2 2006	6
2119	4 2007	6
2119	4 2009	6
2119	2 2012	6
2119	10 2013	6
2119	5 2015	6
2120	5 2013	6
2120	3 2015	6
2121	4 2011	6
2121	6 2012	6
2121	12 2013	6
2121	12 2014	6
2123	5 2013	6
2123	5 2014	6
2124	3 2012	6
2124	8 2014	6
2125	10 2012	6
2125	10 2013	6
2125	2 2015	6
2126	3 2010	6
2126	8 2013	6
2126	10 2014	7
2127	8 2010	6
2127	3 2011	6
2127	2 2012	6
2127	9 2013	6
2127	12 2014	6
2128	10 2012	6
2128	11 2013	6
2128	11 2014	6
2129	8 2013	6
2129	10 2014	6
2130	9 2013	6
2131	11 2010	6
2131	4 2012	6
2132	8 2013	6
2132	8 2014	6
2133	5 2011	6
2133	11 2011	6
2133	10 2012	6
2133	11 2013	6
2133	5 2015	6
2134	10 2013	6
2134	2 2015	6
2135	3 2009	6
2135	4 2010	6
2135	11 2011	6
2135	11 2012	6
2135	11 2013	6
2135	12 2014	6
2136	6 2013	6
2136	4 2014	7
2137	9 2013	6
2137	9 2014	6
2137	11 2015	6
2138	5 2011	6
2138	8 2012	6
2138	11 2013	6
2138	11 2014	6
2138	12 2015	6
2139	8 2013	6
2139	1 2015	6
2140	5 2013	6
2140	5 2014	6
2141	11 2011	6
2141	11 2012	6
2141	11 2013	6
2141	1 2015	6
2142	4 2013	6
2142	5 2014	8
2143	9 2013	6
2143	6 2014	6
2143	8 2015	6
2144	11 2013	6
2144	11 2014	6
2144	11 2015	6
2145	10 2013	6
2146	10 2010	6
2146	11 2011	6
2146	4 2013	6
2146	6 2014	6
2148	1 2013	6
2148	2 2014	6
2148	3 2015	6
2149	11 2012	6
2149	1 2014	7
2151	10 2013	6
2151	3 2015	6
2152	10 2009	6
2152	10 2010	6
2152	11 2011	6
2152	12 2012	6
2152	12 2013	7.5
2153	5 2009	6
2153	8 2010	6
2153	12 2011	6
2153	12 2012	6
2153	12 2013	6
2153	12 2014	6
2154	10 2013	6
2155	1 2015	6
2155	10 2013	6
2156	4 2012	6
2156	1 2013	6
2156	1 2014	6
2157	9 2013	6
2157	6 2014	6
2158	11 2013	6
2158	5 2014	6
2159	1 2013	6
2159	3 2014	6
2159	3 2015	6
2160	1 2013	6
2160	1 2014	7
2160	12 2014	7
2161	10 2013	6
2161	11 2014	6
2161	11 2015	6
2162	9 2012	6
2162	1 2015	9
2163	11 2013	6
2163	11 2014	6
2164	2 2011	6
2164	1 2012	6
2164	2 2013	6
2164	1 2014	6
2164	3 2015	6
2165	11 2013	6
2165	1 2015	6
2166	6 2013	6
2167	1 2014	6
2167	1 2015	6
2168	11 2013	6
2168	1 2015	6
2169	9 2013	6
2169	11 2014	6
2170	12 2006	6
2170	4 2007	6
2170	4 2008	6
2170	4 2009	6
2170	11 2010	6
2170	10 2011	6
2170	12 2012	6
2171	6 2013	6
2172	10 2007	6
2172	2 2009	6
2172	2 2010	6
2172	2 2011	6
2172	8 2012	6
2173	9 2013	6
2173	12 2014	6
2174	1 2012	6
2174	2 2014	7.5
2175	1 2014	6
2175	3 2015	6
2176	1 2014	6
2176	2 2015	6
2177	12 2013	6
2177	2 2015	7.5
2178	1 2014	6
2178	3 2015	6
2179	8 2012	6
2179	9 2013	6
2179	9 2014	6
2179	9 2015	6
2180	9 2013	6
2180	1 2015	6
2181	2 2014	6
2181	8 2015	6
2182	4 2013	6
2182	5 2014	6
2183	5 2013	6
2183	5 2014	6
2184	9 2013	6
2184	3 2014	6
2184	4 2015	6
2185	1 2014	6
2185	4 2015	6
2186	1 2014	6
2186	3 2015	6
2187	9 2013	6
2187	8 2014	7
2188	5 2013	6
2188	4 2014	6
2188	4 2015	6
2189	8 2008	6
2189	10 2009	6
2189	11 2010	6
2189	10 2011	6
2189	1 2013	6
2189	3 2014	6
2190	4 2013	6
2190	4 2014	6
2191	10 2013	6
2192	9 2013	6
2192	10 2014	7
2193	2 2014	6
2193	3 2015	6
2194	2 2014	6
2194	2 2015	7
2195	12 2011	6
2195	5 2012	6
2195	5 2014	6
2195	5 2015	6
2196	2 2014	6
2196	6 2014	6
2197	1 2014	6
2197	2 2015	6
2198	6 2013	6
2198	11 2013	6
2199	2 2014	6
2199	2 2015	6
2200	1 2014	6
2200	3 2015	6
2201	2 2014	6
2201	4 2015	7.5
2202	3 2012	6
2202	10 2012	6
2202	8 2015	6
2203	5 2013	7
2203	8 2014	6
2204	3 2012	6
2204	2 2013	6
2204	5 2014	6
2205	10 2013	6
2205	11 2014	6
2206	8 2012	6
2206	6 2014	6
2206	12 2015	6
2207	3 2014	6
2208	5 2013	6
2208	5 2014	6
2209	5 2014	6
2209	6 2015	6
2210	5 2013	6
2210	6 2014	7
2211	1 2014	6
2212	11 2013	6
2212	12 2014	6
2214	4 2014	6
2214	5 2015	6
2215	8 2013	6
2215	9 2014	6
2216	1 2014	6
2216	3 2015	6
2217	5 2014	6
2217	5 2015	6
2218	10 2013	6
2218	12 2014	6
2218	12 2015	7
2219	11 2013	6
2219	12 2014	6
2220	5 2003	6
2220	1 2009	6
2220	12 2013	6
2221	12 2013	6
2221	8 2014	6
2222	6 2013	6
2222	6 2014	6
2223	8 2011	6
2223	8 2012	6
2223	5 2014	6
2224	4 2013	6
2224	6 2014	7
2225	6 2013	6
2225	6 2014	7
2226	12 2011	6
2226	1 2013	6
2226	9 2014	6
2227	5 2014	6
2228	10 2011	6
2228	12 2012	6
2228	5 2014	6
2228	8 2015	6
2229	10 2013	6
2229	6 2014	6
2229	5 2015	6
2230	5 2014	6
2231	5 2014	6
2231	5 2015	6
2232	5 2014	6
2232	6 2015	6
2233	3 2014	6
2233	5 2015	6
2234	4 2010	6
2234	4 2011	6
2234	4 2012	6
2234	4 2015	6
2235	12 2012	6
2235	8 2014	6
2236	8 2013	6
2236	4 2014	6
2236	8 2015	6
2237	5 2014	6
2237	4 2015	6
2238	4 2006	6
2238	5 2007	6
2239	6 2014	6
2239	9 2015	6
2240	8 2014	7.5
2240	6 2013	7
2240	6 2008	6
2241	9 2013	6
2241	11 2014	6
2242	6 2014	6
2242	8 2015	6
2243	12 2014	6
2243	12 2013	6
2244	4 2014	6
2244	6 2015	6
2245	6 2014	6
2245	6 2015	6
2246	5 2013	7
2246	4 2015	6
2247	5 2014	6
2247	9 2015	6
2248	8 2011	6
2248	1 2013	6
2248	2 2014	6
2248	2 2015	6
2249	12 2014	6
2249	2 2014	6
2250	5 2014	6
2250	10 2015	6
2251	9 2013	6
2251	3 2015	6
2252	4 2014	6
2252	5 2015	6
2253	11 2011	6
2253	6 2012	6
2253	11 2014	6
2254	1 2012	6
2254	12 2013	6
2254	3 2015	7.5
2255	4 2013	6
2255	11 2014	6
2256	1 2013	6
2256	9 2014	6
2257	8 2014	6
2257	9 2015	6
2258	5 2014	6
2258	5 2015	6
2259	6 2014	6
2260	5 2014	6
2260	3 2015	6
2261	9 2013	6
2261	9 2014	6
2261	10 2015	6
2262	2 2014	6
2262	5 2015	6
2264	2 2014	6
2264	8 2015	6
2265	6 2014	6
2265	6 2015	6
2266	11 2009	6
2266	10 2014	6
2266	3 2013	6
2266	3 2011	6
2267	5 2012	6
2267	5 2013	6
2267	3 2014	6
2267	8 2015	6
2268	9 2014	6
2269	2 2011	6
2269	5 2012	6
2270	4 2014	6
2270	1 2015	6
2271	5 2014	6
2271	8 2015	7
2272	5 2014	6
2272	6 2015	7.5
2273	6 2014	6
2275	5 2014	6
2276	9 2014	6
2276	11 2015	7.5
2277	10 2014	6
2278	5 2014	6
2278	10 2015	7
2279	10 2014	6
2280	8 2014	6
2281	4 2014	6
2281	5 2015	6
2282	12 2014	6
2283	9 2014	6
2284	10 2014	6
2285	5 2014	6
2285	8 2015	6
2286	9 2014	6
2287	5 2014	6
2287	1 2015	7
2288	10 2014	6
2288	9 2015	6
2289	9 2014	6
2289	8 2015	6
2290	11 2014	6
2290	6 2015	6
2291	8 2014	6
2292	4 2014	6
2292	5 2015	6
2294	6 2014	6
2294	8 2015	6
2295	11 2014	6
2296	10 2014	6
2297	9 2013	6
2297	12 2013	6
2297	5 2015	6
2298	11 2012	6
2298	11 2013	6
2298	8 2015	6
2299	3 2011	6
2299	1 2015	7
2301	5 2014	6
2301	9 2015	6
2302	11 2014	6
2303	12 2014	6
2303	9 2015	6
2304	11 2014	6
2304	10 2015	6
2306	5 2014	6
2306	9 2015	6
2307	1 2015	6
2308	11 2014	6
2308	10 2015	6
2309	11 2014	6
2309	12 2015	6
2310	1 2015	6
2311	3 2015	6
2311	10 2014	6
2313	3 2014	6
2313	9 2014	6
2313	11 2015	6
2314	3 2014	6
2314	3 2015	6
2315	12 2014	6
2316	11 2014	6
2316	11 2015	6
2317	2 2015	6
2318	6 2014	6
2319	10 2014	6
2319	10 2015	7
2320	1 2015	6
2321	1 2014	6
2321	3 2015	7.5
2322	5 2011	6
2322	1 2014	6
2322	4 2015	6
2323	9 2014	6
2323	9 2015	6
2324	12 2014	6
2326	12 2014	6
2326	12 2015	6
2327	3 2015	6
2328	2 2015	6
2330	12 2013	6
2330	4 2015	7.5
2331	12 2014	6
2331	11 2015	6
2333	1 2015	6
2335	2 2015	6
2336	4 2014	6
2336	3 2015	6
2337	9 2014	6
2338	11 2014	6
2338	10 2015	6
2339	2 2015	6
2340	3 2015	6
2341	10 2014	6
2341	6 2015	6
2342	11 2014	6
2343	4 2015	6
2344	4 2015	6
2345	1 2015	6
2345	6 2015	7
2346	5 2015	6
2347	2 2015	6
2348	5 2015	6
2349	10 2014	6
2349	10 2015	6
2350	3 2015	6
2351	5 2015	6
2352	11 2014	6
2352	11 2015	6
2353	2 2015	6
2354	10 2012	6
2354	8 2015	6
2355	5 2014	6
2355	5 2015	6
2356	4 2015	6
2357	4 2015	6
2357	11 2015	6
2358	4 2015	6
2359	5 2014	6
2359	5 2015	6
2360	6 2013	6
2360	8 2015	6
2361	5 2015	6
2362	1 2015	6
2363	5 2015	6
2364	11 2014	6
2365	5 2015	6
2365	9 2015	7.5
2366	11 2014	6
2367	4 2015	6
2367	6 2015	6
2368	1 2015	6
2369	5 2015	6
2370	6 2015	6
2371	5 2015	6
2372	6 2015	6
2373	12 2014	6
2374	6 2015	6
2375	11 2013	6
2375	5 2015	6
2376	4 2015	6
2377	6 2015	6
2378	9 2014	6
2378	9 2015	6
2379	8 2015	6
2380	8 2015	6
2381	1 2015	6
2382	6 2014	6
2384	4 2015	6
2385	4 2013	6
2385	6 2015	6
2386	2 2015	6
2387	2 2015	6
2389	4 2015	6
2389	5 2015	6
